<shapes type=list>
	<scaling type=logical names=FALSE length=1 as.numeric=FALSE >NA</scaling>
	<landmarks.pixel type=matrix rownames=TRUE colnames=FALSE nrow=21 ncol=2 as.numeric=TRUE >
		tail_vertex01	351	346
		left_vertex01	102	547
		right_vertex01	169	219
		depth_point01	220	325
		tail_vertex02	963	303
		left_vertex02	364	428
		right_vertex02	362	178
		depth_point02	510	285
		tail_vertex03	788	558
		left_vertex03	396	519
		right_vertex03	548	338
		depth_point03	578	477
		 2	103	546
		 3	169	214
		 1	360	347
		 6	362	433
		 7	364	183
		 5	961	308
		10	395	524
		11	547	336
		 9	793	558
	</landmarks.pixel>
	<curves.control type=list>
		<top_outer_edge01 type=matrix rownames=FALSE colnames=FALSE nrow=5 ncol=2 as.numeric=TRUE >
			103	546
			120	467
			138	368
			156	281
			169	214
		</top_outer_edge01>
		<left_outer_edge01 type=matrix rownames=FALSE colnames=FALSE nrow=5 ncol=2 as.numeric=TRUE >
			103	546
			157	447
			225	400
			278	359
			360	347
		</left_outer_edge01>
		<right_outer_edge01 type=matrix rownames=FALSE colnames=FALSE nrow=5 ncol=2 as.numeric=TRUE >
			169	214
			216	244
			266	281
			312	313
			360	347
		</right_outer_edge01>
		<top_outer_edge02 type=matrix rownames=FALSE colnames=FALSE nrow=5 ncol=2 as.numeric=TRUE >
			362	433
			369	369
			371	311
			372	247
			364	183
		</top_outer_edge02>
		<left_outer_edge02 type=matrix rownames=FALSE colnames=FALSE nrow=5 ncol=2 as.numeric=TRUE >
			362	433
			427	314
			615	322
			780	330
			961	308
		</left_outer_edge02>
		<right_outer_edge02 type=matrix rownames=FALSE colnames=FALSE nrow=5 ncol=2 as.numeric=TRUE >
			364	183
			529	212
			653	237
			819	258
			961	308
		</right_outer_edge02>
		<top_outer_edge03 type=matrix rownames=FALSE colnames=FALSE nrow=5 ncol=2 as.numeric=TRUE >
			395	524
			429	482
			478	420
			512	376
			547	336
		</top_outer_edge03>
		<left_outer_edge03 type=matrix rownames=FALSE colnames=FALSE nrow=5 ncol=2 as.numeric=TRUE >
			395	524
			504	497
			631	512
			724	524
			793	558
		</left_outer_edge03>
		<right_outer_edge03 type=matrix rownames=FALSE colnames=FALSE nrow=5 ncol=2 as.numeric=TRUE >
			547	336
			627	385
			698	433
			754	479
			793	558
		</right_outer_edge03>
	</curves.control>
	<curves.pixel type=list>
		<top_outer_edge01 type=matrix rownames=FALSE colnames=FALSE nrow=338 ncol=2 as.numeric=TRUE >
			103	546
			103	545
			103	544
			104	543
			104	542
			104	541
			104	540
			104	539
			105	538
			105	537
			105	536
			105	535
			106	534
			106	533
			106	532
			106	531
			106	530
			107	529
			107	528
			107	527
			107	526
			108	525
			108	524
			108	523
			108	522
			108	521
			109	520
			109	519
			109	518
			109	517
			109	516
			110	515
			110	514
			110	513
			110	512
			110	511
			111	510
			111	509
			111	508
			111	507
			111	506
			112	505
			112	504
			112	503
			112	502
			112	501
			113	500
			113	499
			113	498
			113	497
			113	496
			114	495
			114	494
			114	493
			114	492
			115	491
			115	490
			115	489
			115	488
			115	487
			116	486
			116	485
			116	484
			116	483
			116	482
			117	481
			117	480
			117	479
			117	478
			117	477
			117	476
			118	475
			118	474
			118	473
			118	472
			118	471
			119	470
			119	469
			119	468
			119	467
			119	466
			120	465
			120	464
			120	463
			120	462
			121	461
			121	460
			121	459
			121	458
			121	457
			122	456
			122	455
			122	454
			122	453
			122	452
			122	451
			123	450
			123	449
			123	448
			123	447
			123	446
			124	445
			124	444
			124	443
			124	442
			124	441
			124	440
			125	440
			125	439
			125	438
			125	437
			125	436
			126	435
			126	434
			126	433
			126	432
			126	431
			126	430
			127	429
			127	428
			127	427
			127	426
			127	425
			128	424
			128	423
			128	422
			128	421
			128	420
			129	419
			129	418
			129	417
			129	416
			129	415
			129	414
			130	414
			130	413
			130	412
			130	411
			130	410
			130	409
			131	408
			131	407
			131	406
			131	405
			131	404
			132	403
			132	402
			132	401
			132	400
			132	399
			132	398
			133	397
			133	396
			133	395
			133	394
			133	393
			134	392
			134	391
			134	390
			134	389
			134	388
			134	387
			135	386
			135	385
			135	384
			135	383
			135	382
			136	381
			136	380
			136	379
			136	378
			136	377
			136	376
			137	375
			137	374
			137	373
			137	372
			137	371
			138	370
			138	369
			138	368
			138	367
			138	366
			139	366
			139	365
			139	364
			139	363
			139	362
			139	361
			140	360
			140	359
			140	358
			140	357
			141	356
			141	355
			141	354
			141	353
			141	352
			142	351
			142	350
			142	349
			142	348
			142	347
			143	346
			143	345
			143	344
			143	343
			143	342
			143	341
			144	340
			144	339
			144	338
			144	337
			145	336
			145	335
			145	334
			145	333
			145	332
			146	331
			146	330
			146	329
			146	328
			146	327
			147	326
			147	325
			147	324
			147	323
			148	322
			148	321
			148	320
			148	319
			148	318
			148	317
			149	316
			149	315
			149	314
			149	313
			150	312
			150	311
			150	310
			150	309
			150	308
			150	307
			151	306
			151	305
			151	304
			151	303
			151	302
			152	302
			152	301
			152	300
			152	299
			152	298
			153	297
			153	296
			153	295
			153	294
			153	293
			154	292
			154	291
			154	290
			154	289
			154	288
			155	287
			155	286
			155	285
			155	284
			155	283
			156	282
			156	281
			156	280
			156	279
			156	278
			157	277
			157	276
			157	275
			157	274
			157	273
			158	272
			158	271
			158	270
			158	269
			158	268
			159	267
			159	266
			159	265
			159	264
			159	263
			160	262
			160	261
			160	260
			160	259
			160	258
			161	257
			161	256
			161	255
			161	254
			161	253
			161	252
			162	251
			162	250
			162	249
			162	248
			163	247
			163	246
			163	245
			163	244
			163	243
			164	242
			164	241
			164	240
			164	239
			164	238
			165	237
			165	236
			165	235
			165	234
			165	233
			165	232
			166	231
			166	230
			166	229
			166	228
			166	227
			167	227
			167	226
			167	225
			167	224
			167	223
			167	222
			168	221
			168	220
			168	219
			168	218
			168	217
			169	216
			169	215
			169	214
		</top_outer_edge01>
		<left_outer_edge01 type=matrix rownames=FALSE colnames=FALSE nrow=303 ncol=2 as.numeric=TRUE >
			103	546
			104	545
			104	544
			105	543
			105	542
			106	541
			106	540
			107	539
			108	538
			108	537
			109	536
			109	535
			109	534
			110	534
			110	533
			111	532
			111	531
			112	530
			113	529
			113	528
			114	527
			114	526
			115	525
			116	524
			116	523
			117	522
			117	521
			118	520
			118	519
			119	518
			120	517
			120	516
			121	516
			121	515
			122	514
			122	513
			123	512
			124	511
			124	510
			125	509
			125	508
			126	507
			127	506
			128	505
			128	504
			129	503
			129	502
			130	502
			130	501
			130	500
			131	500
			131	499
			132	498
			133	497
			133	496
			134	495
			135	494
			135	493
			136	492
			137	491
			138	490
			138	489
			139	488
			140	487
			140	486
			141	485
			142	484
			142	483
			143	483
			143	482
			144	481
			145	480
			145	479
			146	478
			147	478
			147	477
			148	476
			148	475
			149	474
			150	473
			151	472
			152	471
			153	470
			153	469
			154	468
			155	467
			156	466
			156	465
			157	464
			158	463
			159	462
			159	461
			160	460
			161	459
			162	458
			163	458
			163	457
			164	456
			165	455
			166	454
			166	453
			167	452
			168	451
			169	450
			170	449
			171	448
			172	447
			173	446
			174	445
			175	444
			176	443
			177	442
			178	441
			179	440
			180	439
			181	438
			182	437
			183	436
			184	435
			185	434
			186	433
			187	432
			188	431
			188	430
			189	429
			190	428
			191	427
			192	426
			193	425
			194	424
			195	424
			196	423
			197	422
			198	421
			199	420
			200	419
			201	418
			202	417
			203	417
			204	416
			205	415
			206	414
			207	413
			208	412
			209	412
			210	411
			211	410
			212	409
			213	408
			214	408
			215	407
			216	406
			217	406
			218	405
			219	404
			220	403
			221	403
			222	402
			223	401
			224	401
			224	400
			225	400
			226	399
			227	399
			228	398
			229	397
			230	396
			231	395
			232	395
			233	394
			234	393
			235	393
			236	392
			237	392
			238	391
			238	390
			239	390
			240	389
			241	389
			242	388
			243	387
			244	387
			245	386
			246	386
			247	385
			248	385
			249	384
			250	383
			251	383
			252	382
			253	381
			254	381
			255	380
			256	380
			257	379
			258	379
			259	378
			260	378
			261	377
			262	376
			263	376
			264	375
			265	375
			266	374
			267	374
			268	374
			269	373
			270	373
			271	372
			272	372
			273	372
			273	371
			274	371
			275	371
			276	370
			277	370
			278	369
			279	369
			280	368
			281	368
			282	368
			283	367
			284	367
			285	366
			286	366
			287	366
			288	365
			289	365
			290	364
			291	364
			292	364
			293	363
			294	363
			295	362
			296	362
			297	362
			298	362
			299	361
			300	361
			301	361
			301	360
			302	360
			303	360
			304	360
			305	359
			306	359
			307	359
			308	359
			308	358
			309	358
			310	358
			311	357
			312	357
			313	357
			314	357
			315	356
			316	356
			317	356
			318	355
			319	355
			320	355
			321	355
			322	354
			323	354
			324	354
			325	354
			326	354
			326	353
			327	353
			328	353
			329	353
			330	353
			330	352
			331	352
			332	352
			333	352
			334	352
			335	351
			336	351
			337	351
			338	351
			339	351
			340	350
			341	350
			342	350
			343	350
			344	350
			345	349
			346	349
			347	349
			348	349
			349	349
			350	349
			351	348
			352	348
			353	348
			354	348
			355	348
			356	348
			357	347
			358	347
			359	347
			360	347
		</left_outer_edge01>
		<right_outer_edge01 type=matrix rownames=FALSE colnames=FALSE nrow=198 ncol=2 as.numeric=TRUE >
			169	214
			170	215
			171	215
			171	216
			172	216
			173	217
			174	217
			175	218
			176	219
			177	219
			178	220
			179	221
			180	221
			181	222
			182	222
			183	223
			184	224
			185	224
			186	225
			187	226
			188	226
			189	227
			190	228
			191	228
			192	229
			193	230
			194	230
			195	231
			196	232
			197	232
			198	233
			199	234
			200	234
			201	235
			202	236
			203	236
			204	237
			205	238
			206	238
			207	239
			208	240
			209	240
			210	241
			211	242
			212	242
			213	243
			214	244
			215	244
			216	245
			217	246
			218	246
			219	247
			220	248
			221	249
			222	249
			223	250
			224	251
			225	251
			226	252
			227	253
			228	253
			229	254
			230	255
			231	256
			232	256
			233	257
			234	258
			235	258
			236	259
			237	260
			238	261
			239	261
			240	262
			241	263
			242	263
			243	264
			244	265
			245	266
			246	266
			247	267
			248	268
			249	269
			250	269
			251	270
			252	271
			253	272
			254	272
			255	273
			256	274
			257	275
			258	275
			259	276
			260	277
			261	278
			262	278
			263	279
			264	280
			265	281
			266	281
			267	282
			268	283
			269	283
			270	284
			271	285
			272	285
			273	286
			274	287
			275	287
			276	288
			277	289
			278	289
			279	290
			280	291
			281	291
			282	292
			283	293
			284	293
			285	294
			286	295
			287	295
			287	296
			288	297
			289	297
			290	298
			291	299
			292	299
			293	300
			294	301
			295	301
			296	302
			297	303
			298	303
			299	304
			300	305
			301	305
			302	306
			303	307
			304	307
			305	308
			306	309
			307	309
			308	310
			309	311
			310	311
			311	312
			312	313
			313	314
			314	315
			315	315
			316	316
			317	316
			317	317
			318	317
			319	318
			320	319
			321	320
			322	320
			323	321
			324	322
			325	322
			326	323
			327	323
			327	324
			328	325
			329	325
			330	326
			331	326
			332	327
			332	328
			333	328
			334	329
			335	329
			336	330
			337	330
			337	331
			338	332
			339	332
			340	333
			341	333
			342	334
			343	335
			344	336
			345	337
			346	337
			347	338
			348	339
			349	339
			350	340
			351	341
			352	342
			353	342
			354	343
			355	344
			356	344
			357	345
			358	346
			359	347
			360	347
		</right_outer_edge01>
		<top_outer_edge02 type=matrix rownames=FALSE colnames=FALSE nrow=252 ncol=2 as.numeric=TRUE >
			362	433
			362	432
			362	431
			362	430
			362	429
			363	428
			363	427
			363	426
			363	425
			363	424
			363	423
			363	422
			363	421
			363	420
			364	419
			364	418
			364	417
			364	416
			364	415
			364	414
			364	413
			364	412
			364	411
			364	410
			364	409
			365	408
			365	407
			365	406
			365	405
			365	404
			365	403
			365	402
			365	401
			365	400
			365	399
			366	398
			366	397
			366	396
			366	395
			366	394
			366	393
			366	392
			366	391
			366	390
			366	389
			366	388
			366	387
			367	386
			367	385
			367	384
			367	383
			367	382
			367	381
			367	380
			367	379
			367	378
			367	377
			367	376
			367	375
			367	374
			368	373
			368	372
			368	371
			368	370
			368	369
			368	368
			368	367
			368	366
			368	365
			368	364
			368	363
			368	362
			368	361
			368	360
			369	360
			369	359
			369	358
			369	357
			369	356
			369	355
			369	354
			369	353
			369	352
			369	351
			369	350
			369	349
			369	348
			369	347
			369	346
			369	345
			369	344
			370	343
			370	342
			370	341
			370	340
			370	339
			370	338
			370	337
			370	336
			370	335
			370	334
			370	333
			370	332
			370	331
			370	330
			370	329
			370	328
			370	327
			370	326
			370	325
			370	324
			371	323
			371	322
			371	321
			371	320
			371	319
			371	318
			371	317
			371	316
			371	315
			371	314
			371	313
			371	312
			371	311
			371	310
			371	309
			371	308
			371	307
			371	306
			371	305
			371	304
			371	303
			371	302
			371	301
			371	300
			371	299
			371	298
			371	297
			371	296
			371	295
			371	294
			371	293
			371	292
			371	291
			371	290
			371	289
			371	288
			371	287
			371	286
			371	285
			371	284
			371	283
			371	282
			371	281
			371	280
			371	279
			371	278
			371	277
			371	276
			371	275
			371	274
			371	273
			371	272
			371	271
			371	270
			371	269
			371	268
			371	267
			371	266
			371	265
			371	264
			370	263
			370	262
			370	261
			370	260
			370	259
			370	258
			370	257
			370	256
			370	255
			370	254
			370	253
			370	252
			370	251
			370	250
			370	249
			370	248
			370	247
			370	246
			370	245
			370	244
			370	243
			369	242
			369	241
			369	240
			369	239
			369	238
			369	237
			369	236
			369	235
			369	234
			369	233
			369	232
			369	231
			369	230
			369	229
			369	228
			368	227
			368	226
			368	225
			368	224
			368	223
			368	222
			368	221
			368	220
			368	219
			368	218
			368	217
			368	216
			367	215
			367	214
			367	213
			367	212
			367	211
			367	210
			367	209
			367	208
			367	207
			367	206
			366	205
			366	204
			366	203
			366	202
			366	201
			366	200
			366	199
			366	198
			366	197
			366	196
			365	195
			365	194
			365	193
			365	192
			365	191
			365	190
			365	189
			365	188
			364	187
			364	186
			364	185
			364	184
			364	183
		</top_outer_edge02>
		<left_outer_edge02 type=matrix rownames=FALSE colnames=FALSE nrow=628 ncol=2 as.numeric=TRUE >
			362	433
			362	432
			363	432
			363	431
			364	430
			364	429
			365	428
			365	427
			366	426
			366	425
			367	424
			368	423
			369	422
			369	421
			370	420
			371	419
			371	418
			372	417
			373	416
			373	415
			374	414
			375	413
			375	412
			376	411
			377	410
			377	409
			378	408
			379	407
			380	406
			380	405
			381	404
			382	403
			382	402
			383	401
			384	401
			385	400
			385	399
			386	398
			387	397
			388	396
			389	395
			389	394
			390	393
			391	393
			392	392
			393	391
			393	390
			394	389
			395	388
			396	388
			397	387
			397	386
			398	385
			399	384
			400	384
			401	383
			402	382
			403	381
			403	380
			404	380
			405	379
			406	378
			407	377
			408	377
			409	376
			410	375
			411	374
			412	373
			413	372
			414	371
			415	371
			415	370
			416	370
			417	369
			418	368
			419	368
			420	367
			421	367
			421	366
			422	365
			423	365
			424	364
			425	364
			426	363
			427	363
			427	362
			428	361
			429	361
			430	360
			431	360
			432	359
			433	359
			434	358
			435	357
			436	357
			437	356
			438	356
			438	355
			439	355
			440	355
			440	354
			441	354
			442	354
			442	353
			443	353
			444	353
			444	352
			445	352
			446	351
			447	351
			448	350
			449	350
			450	349
			451	349
			452	348
			453	348
			454	347
			455	347
			456	346
			457	346
			458	346
			459	345
			460	345
			461	344
			462	344
			463	343
			464	343
			465	343
			466	342
			467	342
			468	342
			469	341
			470	341
			471	340
			472	340
			473	340
			474	339
			475	339
			476	339
			477	338
			478	338
			479	338
			480	337
			481	337
			482	337
			483	336
			484	336
			485	336
			486	335
			487	335
			488	335
			489	335
			490	334
			491	334
			492	334
			493	333
			494	333
			495	333
			496	332
			497	332
			498	332
			499	332
			500	332
			500	331
			501	331
			502	331
			503	331
			504	331
			505	330
			506	330
			507	330
			508	330
			509	330
			509	329
			510	329
			511	329
			512	329
			513	329
			514	328
			515	328
			516	328
			517	328
			518	328
			519	328
			520	327
			521	327
			522	327
			523	327
			524	327
			525	327
			526	326
			527	326
			528	326
			529	326
			530	326
			531	326
			532	326
			533	325
			534	325
			535	325
			536	325
			537	325
			538	325
			539	325
			540	324
			541	324
			542	324
			543	324
			544	324
			545	324
			546	324
			547	324
			548	324
			549	323
			550	323
			551	323
			552	323
			553	323
			554	323
			555	323
			556	323
			557	323
			558	323
			559	323
			560	323
			561	322
			562	322
			563	322
			564	322
			565	322
			566	322
			567	322
			568	322
			569	322
			570	322
			571	322
			572	322
			573	322
			574	322
			575	322
			576	322
			577	322
			578	322
			579	322
			580	322
			581	322
			582	322
			583	322
			584	322
			585	322
			586	322
			587	322
			588	322
			589	322
			590	321
			591	321
			592	321
			593	321
			594	321
			594	322
			595	322
			596	322
			597	322
			598	322
			599	322
			600	322
			601	322
			602	322
			603	322
			604	322
			605	322
			606	322
			607	322
			608	322
			609	322
			610	322
			611	322
			612	322
			613	322
			614	322
			615	322
			616	322
			617	322
			618	322
			619	322
			620	322
			621	322
			622	322
			623	322
			624	322
			625	322
			626	323
			627	323
			628	323
			629	323
			630	323
			631	323
			632	323
			633	323
			634	323
			635	323
			636	323
			637	323
			638	323
			639	323
			640	323
			641	323
			642	323
			643	323
			644	323
			645	323
			646	323
			647	323
			648	323
			649	323
			650	323
			651	323
			652	323
			653	323
			654	323
			655	324
			656	324
			657	324
			658	324
			659	324
			660	324
			661	324
			662	324
			663	324
			664	324
			665	324
			666	324
			667	324
			668	324
			669	324
			670	324
			671	324
			672	324
			673	324
			674	324
			675	324
			676	324
			677	324
			678	324
			679	324
			680	324
			681	324
			682	324
			683	324
			684	324
			685	324
			686	324
			687	324
			688	324
			689	324
			690	324
			691	324
			692	324
			693	324
			694	324
			695	324
			696	324
			697	324
			698	324
			699	324
			700	324
			701	324
			702	324
			703	324
			704	324
			705	324
			706	324
			707	324
			708	324
			709	324
			710	324
			711	324
			712	324
			713	324
			714	324
			715	324
			716	324
			717	324
			718	324
			719	324
			720	324
			721	324
			722	324
			723	324
			724	324
			725	324
			726	324
			727	324
			728	324
			729	324
			730	324
			731	324
			732	324
			733	324
			734	324
			735	324
			736	324
			737	324
			738	324
			739	324
			740	324
			741	324
			742	324
			743	324
			744	324
			745	324
			746	324
			747	324
			748	324
			749	324
			750	324
			751	324
			752	324
			753	324
			754	323
			755	323
			756	323
			757	323
			758	323
			759	323
			760	323
			761	323
			762	323
			763	323
			764	323
			765	323
			766	323
			767	323
			768	323
			769	323
			770	323
			771	323
			772	323
			773	323
			774	323
			775	323
			776	323
			777	323
			778	323
			779	323
			780	323
			781	323
			782	323
			783	323
			784	322
			785	322
			786	322
			787	322
			788	322
			789	322
			790	322
			791	322
			792	322
			793	322
			794	322
			795	322
			796	322
			797	322
			798	322
			799	322
			800	322
			801	322
			802	322
			803	322
			804	322
			805	322
			806	321
			807	321
			808	321
			809	321
			810	321
			811	321
			812	321
			813	321
			814	321
			815	321
			816	321
			817	321
			818	321
			819	321
			820	321
			821	321
			822	321
			823	321
			824	320
			825	320
			826	320
			827	320
			828	320
			829	320
			830	320
			831	320
			832	320
			833	320
			834	320
			835	320
			836	320
			837	320
			838	320
			839	320
			840	319
			841	319
			842	319
			843	319
			844	319
			845	319
			846	319
			847	319
			848	319
			849	319
			850	319
			851	319
			852	319
			853	319
			854	319
			854	318
			855	318
			856	318
			857	318
			858	318
			859	318
			860	318
			861	318
			862	318
			863	318
			864	318
			865	318
			866	318
			867	317
			868	317
			869	317
			870	317
			871	317
			872	317
			873	317
			874	317
			875	317
			876	317
			877	317
			878	317
			879	317
			880	316
			881	316
			882	316
			883	316
			884	316
			885	316
			886	316
			887	316
			888	316
			889	316
			890	315
			891	315
			892	315
			893	315
			894	315
			895	315
			896	315
			897	315
			898	315
			899	315
			900	315
			901	314
			902	314
			903	314
			904	314
			905	314
			906	314
			907	314
			908	314
			909	314
			910	314
			911	314
			912	313
			913	313
			914	313
			915	313
			916	313
			917	313
			918	313
			919	313
			920	313
			921	312
			922	312
			923	312
			924	312
			925	312
			926	312
			927	312
			928	312
			929	312
			930	312
			931	311
			932	311
			933	311
			934	311
			935	311
			936	311
			937	311
			938	311
			939	311
			940	310
			941	310
			942	310
			943	310
			944	310
			945	310
			946	310
			947	310
			948	310
			949	309
			950	309
			951	309
			952	309
			953	309
			954	309
			955	309
			956	309
			957	308
			958	308
			959	308
			960	308
			961	308
		</left_outer_edge02>
		<right_outer_edge02 type=matrix rownames=FALSE colnames=FALSE nrow=603 ncol=2 as.numeric=TRUE >
			364	183
			365	183
			366	183
			367	184
			368	184
			369	184
			370	184
			371	184
			372	184
			373	185
			374	185
			375	185
			376	185
			377	185
			378	185
			379	186
			380	186
			381	186
			382	186
			383	186
			384	186
			385	187
			386	187
			387	187
			388	187
			389	187
			390	188
			391	188
			392	188
			393	188
			394	188
			395	188
			396	189
			397	189
			398	189
			399	189
			400	189
			401	190
			402	190
			403	190
			404	190
			405	190
			406	190
			407	191
			408	191
			409	191
			410	191
			411	191
			412	192
			413	192
			414	192
			415	192
			416	192
			417	192
			418	193
			419	193
			420	193
			421	193
			422	193
			423	193
			424	194
			425	194
			426	194
			427	194
			428	194
			429	195
			430	195
			431	195
			432	195
			433	195
			434	195
			434	196
			435	196
			436	196
			437	196
			438	196
			439	196
			440	197
			441	197
			442	197
			443	197
			444	197
			445	197
			446	198
			447	198
			448	198
			449	198
			450	198
			451	199
			452	199
			453	199
			454	199
			455	199
			456	199
			457	200
			458	200
			459	200
			460	200
			461	200
			462	201
			463	201
			464	201
			465	201
			466	201
			467	201
			468	202
			469	202
			470	202
			471	202
			472	202
			473	202
			474	203
			475	203
			476	203
			477	203
			478	204
			479	204
			480	204
			481	204
			482	204
			483	204
			484	204
			484	205
			485	205
			486	205
			487	205
			488	205
			489	206
			490	206
			491	206
			492	206
			493	206
			494	206
			495	207
			496	207
			497	207
			498	207
			499	207
			500	207
			501	208
			502	208
			503	208
			504	208
			505	208
			506	209
			507	209
			508	209
			509	209
			510	209
			511	210
			512	210
			513	210
			514	210
			515	210
			516	210
			517	211
			518	211
			519	211
			520	211
			521	211
			522	212
			523	212
			524	212
			525	212
			526	212
			527	213
			528	213
			529	213
			530	213
			531	213
			532	213
			533	214
			534	214
			535	214
			536	214
			537	214
			538	215
			539	215
			540	215
			541	215
			542	215
			543	216
			544	216
			545	216
			546	216
			547	216
			548	216
			549	217
			550	217
			551	217
			552	217
			553	217
			554	218
			555	218
			556	218
			557	218
			558	218
			559	219
			560	219
			561	219
			562	219
			563	219
			564	220
			565	220
			566	220
			567	220
			568	220
			569	220
			570	221
			571	221
			572	221
			573	221
			574	221
			574	222
			575	222
			576	222
			577	222
			578	222
			579	222
			580	223
			581	223
			582	223
			583	223
			584	223
			585	224
			586	224
			587	224
			588	224
			589	224
			590	224
			591	225
			592	225
			593	225
			594	225
			595	226
			596	226
			597	226
			598	226
			599	226
			600	227
			601	227
			602	227
			603	227
			604	227
			605	228
			606	228
			607	228
			608	228
			609	228
			610	228
			611	229
			612	229
			613	229
			614	229
			615	229
			616	230
			617	230
			618	230
			619	230
			620	230
			621	231
			622	231
			623	231
			624	231
			625	231
			626	232
			627	232
			628	232
			629	232
			630	232
			631	233
			632	233
			633	233
			634	233
			635	233
			636	234
			637	234
			638	234
			639	234
			640	234
			641	235
			642	235
			643	235
			644	235
			645	235
			646	236
			647	236
			648	236
			649	236
			650	236
			651	237
			652	237
			653	237
			654	237
			655	237
			656	237
			657	238
			658	238
			659	238
			660	238
			661	238
			662	238
			663	238
			664	238
			665	239
			666	239
			667	239
			668	239
			669	239
			670	239
			671	239
			672	240
			673	240
			674	240
			675	240
			676	240
			677	240
			678	240
			679	240
			680	241
			681	241
			682	241
			683	241
			684	241
			685	241
			686	241
			687	242
			688	242
			689	242
			690	242
			691	242
			692	242
			693	243
			694	243
			695	243
			696	243
			697	243
			698	243
			699	243
			700	244
			701	244
			702	244
			703	244
			704	244
			705	244
			706	245
			707	245
			708	245
			709	245
			710	245
			711	245
			712	246
			713	246
			714	246
			715	246
			716	246
			717	246
			718	246
			719	247
			720	247
			721	247
			722	247
			723	247
			724	247
			725	248
			726	248
			727	248
			728	248
			729	248
			730	248
			731	249
			732	249
			733	249
			734	249
			735	249
			736	250
			737	250
			738	250
			739	250
			740	250
			741	251
			742	251
			743	251
			744	251
			745	251
			746	251
			747	252
			748	252
			749	252
			750	252
			751	252
			752	253
			753	253
			754	253
			755	253
			756	253
			757	253
			758	254
			759	254
			760	254
			761	254
			762	254
			763	255
			764	255
			765	255
			766	255
			767	255
			768	256
			769	256
			770	256
			771	256
			772	256
			773	257
			774	257
			775	257
			776	257
			777	257
			778	258
			779	258
			780	258
			781	258
			782	258
			783	259
			784	259
			785	259
			786	259
			787	259
			788	260
			789	260
			790	260
			791	260
			792	261
			793	261
			794	261
			795	261
			796	261
			797	262
			798	262
			799	262
			800	262
			801	263
			802	263
			803	263
			804	263
			805	263
			806	264
			807	264
			808	264
			809	264
			810	264
			811	265
			812	265
			813	265
			814	266
			815	266
			816	266
			817	266
			818	266
			819	267
			820	267
			821	267
			822	267
			823	268
			824	268
			825	268
			826	268
			827	269
			828	269
			829	269
			830	269
			831	270
			832	270
			833	270
			834	270
			835	271
			836	271
			837	271
			838	271
			839	272
			840	272
			841	272
			842	272
			843	273
			844	273
			845	273
			846	273
			847	274
			848	274
			849	274
			850	274
			851	275
			852	275
			853	275
			854	275
			855	276
			856	276
			857	276
			858	276
			859	277
			860	277
			861	277
			862	277
			863	278
			864	278
			865	278
			866	278
			867	279
			868	279
			869	279
			870	280
			871	280
			872	280
			873	280
			874	281
			875	281
			876	281
			877	282
			878	282
			879	282
			880	282
			881	283
			882	283
			883	283
			884	283
			885	284
			886	284
			887	284
			888	285
			889	285
			890	285
			891	286
			892	286
			893	286
			894	286
			895	287
			896	287
			897	287
			898	288
			899	288
			900	288
			901	289
			902	289
			903	289
			904	289
			905	290
			906	290
			907	290
			908	291
			909	291
			910	291
			911	292
			912	292
			913	292
			914	292
			915	293
			916	293
			917	293
			918	294
			919	294
			920	294
			921	295
			922	295
			923	295
			924	296
			925	296
			926	296
			927	296
			928	297
			929	297
			930	297
			931	298
			932	298
			933	298
			934	299
			935	299
			936	299
			937	300
			938	300
			939	301
			940	301
			941	301
			942	301
			942	302
			943	302
			944	302
			945	303
			946	303
			947	303
			948	304
			949	304
			950	304
			951	304
			951	305
			952	305
			953	305
			954	306
			955	306
			956	306
			957	307
			958	307
			959	307
			960	308
			961	308
		</right_outer_edge02>
		<top_outer_edge03 type=matrix rownames=FALSE colnames=FALSE nrow=198 ncol=2 as.numeric=TRUE >
			395	524
			396	523
			397	522
			397	521
			398	520
			399	519
			399	518
			400	518
			401	517
			402	516
			402	515
			403	514
			404	513
			404	512
			405	511
			406	511
			407	510
			407	509
			408	508
			409	507
			409	506
			410	505
			411	504
			412	503
			412	502
			413	501
			414	501
			415	500
			415	499
			416	498
			417	497
			418	496
			418	495
			419	494
			420	493
			421	492
			422	491
			422	490
			423	489
			424	488
			425	487
			426	486
			426	485
			427	484
			428	483
			429	482
			430	481
			430	480
			431	479
			432	478
			433	477
			434	476
			435	475
			435	474
			436	473
			437	472
			438	471
			439	470
			439	469
			440	468
			441	467
			442	466
			442	465
			443	464
			444	463
			445	462
			446	461
			446	460
			447	459
			448	458
			449	457
			449	456
			450	455
			451	454
			452	453
			452	452
			453	451
			454	450
			455	449
			456	448
			456	447
			457	446
			458	445
			459	444
			459	443
			460	442
			461	441
			462	440
			463	439
			463	438
			464	437
			465	436
			466	435
			467	434
			467	433
			468	432
			469	431
			470	430
			471	429
			472	428
			472	427
			473	426
			474	425
			475	424
			476	423
			477	422
			477	421
			478	420
			479	419
			479	418
			480	418
			480	417
			481	416
			482	415
			483	414
			484	413
			484	412
			485	411
			486	410
			486	409
			487	408
			488	407
			489	406
			490	405
			491	404
			491	403
			492	402
			493	401
			494	400
			494	399
			495	398
			496	397
			497	396
			498	395
			498	394
			499	393
			500	392
			501	391
			501	390
			502	390
			503	389
			504	388
			504	387
			505	386
			506	385
			506	384
			507	383
			508	382
			509	381
			509	380
			510	380
			511	379
			512	378
			512	377
			513	376
			514	375
			515	374
			515	373
			516	372
			517	372
			518	371
			518	370
			519	369
			520	368
			520	367
			521	366
			522	365
			523	364
			524	363
			525	362
			526	361
			526	360
			527	359
			528	359
			528	358
			529	357
			530	356
			531	355
			532	354
			532	353
			533	352
			534	351
			535	350
			536	349
			537	348
			537	347
			538	346
			539	345
			540	344
			541	343
			542	342
			543	341
			544	340
			544	339
			545	339
			545	338
			546	337
			547	336
		</top_outer_edge03>
		<left_outer_edge03 type=matrix rownames=FALSE colnames=FALSE nrow=403 ncol=2 as.numeric=TRUE >
			395	524
			396	524
			397	523
			398	523
			399	523
			400	523
			401	522
			402	522
			403	522
			404	522
			405	522
			406	521
			407	521
			408	521
			409	521
			410	520
			411	520
			412	520
			413	520
			414	520
			415	519
			416	519
			417	519
			418	519
			419	519
			420	518
			421	518
			422	518
			423	518
			424	518
			425	517
			426	517
			427	517
			428	517
			429	517
			430	517
			431	516
			432	516
			433	516
			434	516
			435	516
			436	515
			437	515
			438	515
			439	515
			440	515
			441	515
			442	514
			443	514
			444	514
			445	514
			446	514
			447	514
			448	513
			449	513
			450	513
			451	513
			452	513
			453	513
			454	513
			455	512
			456	512
			457	512
			458	512
			459	512
			460	512
			461	512
			462	512
			463	511
			464	511
			465	511
			466	511
			467	511
			468	511
			469	511
			470	511
			471	510
			472	510
			473	510
			474	510
			475	510
			476	510
			477	510
			478	510
			479	510
			480	510
			481	509
			482	509
			483	509
			484	509
			485	509
			486	509
			487	509
			488	509
			489	509
			490	509
			491	509
			492	509
			493	508
			494	508
			495	508
			496	508
			497	508
			498	508
			499	508
			500	508
			501	508
			502	508
			503	508
			504	508
			505	508
			506	508
			507	508
			508	508
			509	507
			510	507
			511	507
			512	507
			513	507
			514	507
			515	507
			516	507
			517	507
			518	507
			519	507
			520	507
			521	507
			522	507
			523	507
			524	507
			525	507
			526	507
			527	507
			528	507
			529	507
			530	507
			531	507
			532	507
			533	507
			534	507
			535	507
			536	507
			537	507
			538	507
			539	507
			540	507
			541	507
			542	507
			543	507
			544	507
			545	507
			546	507
			547	507
			548	507
			549	507
			550	507
			551	507
			552	507
			553	507
			554	507
			555	507
			556	507
			557	507
			558	507
			559	507
			560	507
			561	507
			562	507
			563	507
			564	507
			565	507
			566	507
			567	507
			568	507
			569	507
			570	507
			571	507
			572	507
			573	507
			574	507
			575	507
			576	507
			577	507
			578	508
			579	508
			580	508
			581	508
			582	508
			583	508
			584	508
			585	508
			586	508
			587	508
			588	508
			589	508
			590	508
			591	508
			592	508
			593	508
			594	508
			595	509
			596	509
			597	509
			598	509
			599	509
			600	509
			601	509
			602	509
			603	509
			604	509
			605	509
			606	509
			607	510
			608	510
			609	510
			610	510
			611	510
			612	510
			613	510
			614	510
			615	510
			616	510
			617	511
			618	511
			619	511
			620	511
			621	511
			622	511
			623	511
			624	511
			625	511
			626	511
			627	512
			628	512
			629	512
			630	512
			631	512
			632	512
			633	512
			634	512
			635	513
			636	513
			637	513
			638	513
			639	513
			640	513
			641	513
			642	514
			643	514
			644	514
			645	514
			646	514
			647	514
			648	514
			649	515
			650	515
			651	515
			652	515
			653	515
			654	515
			655	516
			656	516
			657	516
			658	516
			659	516
			660	516
			661	516
			662	517
			663	517
			664	517
			665	517
			666	517
			667	518
			668	518
			669	518
			670	518
			671	518
			672	519
			673	519
			674	519
			675	519
			676	519
			677	520
			678	520
			679	520
			680	520
			681	520
			682	521
			683	521
			684	521
			685	521
			686	521
			686	522
			687	522
			688	522
			689	522
			690	522
			691	523
			692	523
			693	523
			694	523
			695	523
			696	524
			697	524
			698	524
			699	524
			699	525
			700	525
			701	525
			702	525
			703	526
			704	526
			705	526
			706	526
			707	526
			708	527
			709	527
			710	527
			711	528
			712	528
			713	528
			714	528
			715	529
			716	529
			717	529
			718	529
			719	530
			720	530
			721	530
			722	531
			723	531
			724	531
			725	531
			726	532
			727	532
			728	533
			729	533
			730	533
			731	533
			732	534
			733	534
			734	534
			735	535
			736	535
			737	535
			738	536
			739	536
			740	536
			741	537
			742	537
			743	537
			744	538
			745	538
			746	538
			747	539
			748	539
			749	539
			749	540
			750	540
			751	540
			752	540
			753	541
			754	541
			755	542
			756	542
			757	542
			758	543
			759	543
			760	543
			761	544
			762	544
			763	545
			764	545
			765	546
			766	546
			767	546
			768	547
			769	547
			770	548
			771	548
			772	548
			773	549
			774	549
			775	550
			776	550
			777	551
			778	551
			779	551
			780	552
			781	552
			781	553
			782	553
			783	553
			784	554
			785	554
			786	555
			787	555
			788	555
			789	556
			790	557
			791	557
			792	558
			793	558
		</left_outer_edge03>
		<right_outer_edge03 type=matrix rownames=FALSE colnames=FALSE nrow=289 ncol=2 as.numeric=TRUE >
			547	336
			548	337
			549	337
			550	338
			551	338
			552	339
			553	339
			554	340
			555	341
			556	341
			556	342
			557	342
			558	343
			559	344
			560	344
			561	345
			562	345
			563	346
			564	346
			565	347
			566	348
			567	348
			568	349
			569	349
			570	350
			571	351
			572	351
			573	352
			574	353
			575	354
			576	354
			577	355
			578	355
			579	356
			580	357
			581	357
			582	358
			583	358
			584	359
			585	360
			586	360
			587	361
			588	361
			589	362
			590	363
			591	363
			592	364
			593	364
			594	365
			595	366
			596	366
			596	367
			597	367
			598	368
			599	369
			600	369
			601	370
			602	370
			603	371
			604	372
			605	372
			606	373
			607	373
			608	374
			609	375
			610	375
			611	376
			612	376
			612	377
			613	377
			614	378
			615	379
			616	379
			617	380
			618	380
			619	381
			620	382
			621	382
			622	383
			623	383
			624	384
			625	385
			626	385
			626	386
			627	386
			628	387
			629	388
			630	388
			631	389
			632	389
			633	390
			634	391
			635	391
			636	392
			637	392
			638	393
			638	394
			639	394
			640	395
			641	395
			642	396
			643	397
			644	397
			645	398
			646	398
			647	399
			648	400
			649	401
			650	401
			651	402
			652	402
			652	403
			653	403
			654	404
			655	404
			656	405
			657	406
			658	406
			659	407
			660	408
			661	408
			662	409
			663	410
			664	410
			665	411
			666	412
			667	412
			668	413
			669	413
			670	414
			670	415
			671	415
			672	416
			673	416
			674	417
			675	418
			676	418
			677	419
			678	419
			679	420
			680	421
			681	421
			682	422
			682	423
			683	423
			684	424
			685	424
			686	425
			687	426
			688	426
			689	427
			690	427
			691	428
			692	429
			693	430
			694	431
			695	431
			696	432
			697	432
			698	433
			699	434
			700	435
			701	436
			702	437
			703	438
			704	438
			705	439
			706	440
			707	441
			708	442
			709	443
			710	444
			711	445
			712	446
			713	447
			714	447
			715	448
			716	449
			717	450
			718	451
			719	452
			720	453
			721	454
			722	455
			723	456
			724	457
			725	458
			726	459
			727	460
			728	461
			729	462
			730	463
			731	464
			732	465
			732	466
			733	467
			734	468
			735	469
			736	470
			737	471
			738	472
			738	473
			739	473
			739	474
			740	475
			741	476
			742	477
			743	478
			743	479
			744	480
			745	481
			746	482
			747	483
			747	484
			748	485
			749	486
			750	487
			750	488
			751	489
			752	490
			753	491
			753	492
			754	493
			755	494
			756	495
			756	496
			757	497
			758	498
			758	499
			759	500
			760	501
			761	502
			761	503
			762	504
			763	505
			763	506
			764	507
			765	508
			765	509
			766	510
			766	511
			767	511
			767	512
			768	513
			768	514
			769	515
			770	516
			770	517
			771	518
			771	519
			772	520
			773	521
			773	522
			774	523
			774	524
			775	525
			776	526
			776	527
			777	528
			777	529
			778	530
			778	531
			779	532
			780	533
			780	534
			781	535
			781	536
			782	537
			782	538
			783	539
			784	540
			784	541
			785	542
			785	543
			786	544
			786	545
			787	546
			788	547
			788	548
			789	549
			789	550
			790	551
			790	552
			791	553
			791	554
			792	555
			792	556
			793	557
			793	558
		</right_outer_edge03>
	</curves.pixel>
</shapes>

