<shapes type=list>
	<scaling type=logical names=FALSE length=1 as.numeric=FALSE >NA</scaling>
	<landmarks.pixel type=matrix rownames=TRUE colnames=FALSE nrow=21 ncol=2 as.numeric=TRUE >
		tail_vertex01	442	398
		left_vertex01	229	431
		right_vertex01	212	271
		depth_point01	269	374
		tail_vertex02	859	237
		left_vertex02	358	463
		right_vertex02	344	195
		depth_point02	463	311
		tail_vertex03	767	433
		left_vertex03	439	451
		right_vertex03	488	277
		depth_point03	536	383
		 2	224	447
		 3	209	271
		 1	431	394
		 6	353	460
		 7	345	193
		 5	858	239
		10	437	456
		11	489	277
		 9	783	441
	</landmarks.pixel>
	<curves.control type=list>
		<top_outer_edge01 type=matrix rownames=FALSE colnames=FALSE nrow=5 ncol=2 as.numeric=TRUE >
			224	447
			220	388
			218	352
			212	313
			209	271
		</top_outer_edge01>
		<left_outer_edge01 type=matrix rownames=FALSE colnames=FALSE nrow=5 ncol=2 as.numeric=TRUE >
			224	447
			283	399
			331	396
			391	397
			431	394
		</left_outer_edge01>
		<right_outer_edge01 type=matrix rownames=FALSE colnames=FALSE nrow=5 ncol=2 as.numeric=TRUE >
			209	271
			262	337
			327	364
			392	379
			431	394
		</right_outer_edge01>
		<top_outer_edge02 type=matrix rownames=FALSE colnames=FALSE nrow=5 ncol=2 as.numeric=TRUE >
			353	460
			375	371
			371	311
			360	247
			345	193
		</top_outer_edge02>
		<left_outer_edge02 type=matrix rownames=FALSE colnames=FALSE nrow=5 ncol=2 as.numeric=TRUE >
			353	460
			436	364
			602	329
			736	301
			858	239
		</left_outer_edge02>
		<right_outer_edge02 type=matrix rownames=FALSE colnames=FALSE nrow=5 ncol=2 as.numeric=TRUE >
			345	193
			476	219
			622	223
			748	233
			858	239
		</right_outer_edge02>
		<top_outer_edge03 type=matrix rownames=FALSE colnames=FALSE nrow=5 ncol=2 as.numeric=TRUE >
			437	456
			463	404
			473	370
			487	329
			489	277
		</top_outer_edge03>
		<left_outer_edge03 type=matrix rownames=FALSE colnames=FALSE nrow=5 ncol=2 as.numeric=TRUE >
			437	456
			535	437
			623	439
			696	429
			783	441
		</left_outer_edge03>
		<right_outer_edge03 type=matrix rownames=FALSE colnames=FALSE nrow=5 ncol=2 as.numeric=TRUE >
			489	277
			571	315
			630	350
			690	370
			783	441
		</right_outer_edge03>
	</curves.control>
	<curves.pixel type=list>
		<top_outer_edge01 type=matrix rownames=FALSE colnames=FALSE nrow=179 ncol=2 as.numeric=TRUE >
			224	447
			224	446
			224	445
			224	444
			224	443
			224	442
			224	441
			224	440
			223	439
			223	438
			223	437
			223	436
			223	435
			223	434
			223	433
			223	432
			223	431
			223	430
			223	429
			223	428
			223	427
			223	426
			223	425
			222	424
			222	423
			222	422
			222	421
			222	420
			222	419
			222	418
			222	417
			222	416
			222	415
			222	414
			222	413
			222	412
			222	411
			222	410
			221	409
			221	408
			221	407
			221	406
			221	405
			221	404
			221	403
			221	402
			221	401
			221	400
			221	399
			221	398
			221	397
			221	396
			221	395
			220	394
			220	393
			220	392
			220	391
			220	390
			220	389
			220	388
			220	387
			220	386
			220	385
			220	384
			220	383
			220	382
			220	381
			220	380
			220	379
			220	378
			219	377
			219	376
			219	375
			219	374
			219	373
			219	372
			219	371
			219	370
			219	369
			219	368
			219	367
			219	366
			219	365
			219	364
			219	363
			219	362
			218	361
			218	360
			218	359
			218	358
			218	357
			218	356
			218	355
			218	354
			218	353
			218	352
			218	351
			218	350
			218	349
			217	348
			217	347
			217	346
			217	345
			217	344
			217	343
			216	342
			216	341
			216	340
			216	339
			216	338
			216	337
			216	336
			216	335
			215	335
			215	334
			215	333
			215	332
			215	331
			215	330
			215	329
			215	328
			215	327
			214	327
			214	326
			214	325
			214	324
			214	323
			214	322
			214	321
			214	320
			214	319
			213	318
			213	317
			213	316
			213	315
			213	314
			213	313
			213	312
			213	311
			212	310
			212	309
			212	308
			212	307
			212	306
			212	305
			212	304
			212	303
			212	302
			212	301
			211	300
			211	299
			211	298
			211	297
			211	296
			211	295
			211	294
			211	293
			211	292
			211	291
			211	290
			210	289
			210	288
			210	287
			210	286
			210	285
			210	284
			210	283
			210	282
			210	281
			210	280
			210	279
			210	278
			209	277
			209	276
			209	275
			209	274
			209	273
			209	272
			209	271
		</top_outer_edge01>
		<left_outer_edge01 type=matrix rownames=FALSE colnames=FALSE nrow=211 ncol=2 as.numeric=TRUE >
			224	447
			225	446
			226	445
			227	444
			228	444
			229	443
			230	442
			231	441
			232	441
			233	440
			234	439
			235	438
			236	438
			237	437
			238	436
			239	435
			240	435
			241	434
			242	433
			243	433
			244	432
			245	431
			246	430
			247	429
			248	429
			249	429
			249	428
			250	428
			251	427
			252	426
			253	426
			254	425
			255	424
			256	424
			257	423
			258	422
			259	422
			260	421
			261	421
			262	420
			263	420
			264	419
			265	419
			265	418
			266	418
			267	417
			268	417
			269	416
			270	416
			271	415
			272	415
			273	414
			274	413
			275	413
			276	412
			277	412
			278	411
			279	411
			280	410
			281	410
			282	409
			283	409
			284	409
			285	408
			286	408
			287	407
			288	407
			289	406
			290	406
			291	406
			292	405
			293	405
			294	404
			295	404
			296	403
			297	403
			298	403
			299	403
			299	402
			300	402
			301	402
			302	402
			303	401
			304	401
			305	401
			306	400
			307	400
			308	400
			309	400
			310	399
			311	399
			312	399
			313	399
			314	398
			315	398
			316	398
			317	398
			318	398
			319	397
			320	397
			321	397
			322	397
			323	397
			324	397
			325	397
			326	396
			327	396
			328	396
			329	396
			330	396
			331	396
			332	396
			333	396
			334	396
			335	396
			336	396
			337	396
			338	396
			339	396
			340	396
			341	396
			342	396
			343	396
			344	396
			345	396
			346	396
			347	396
			348	396
			349	396
			350	396
			351	396
			352	396
			353	396
			354	396
			355	396
			356	396
			357	396
			358	396
			359	396
			360	396
			361	396
			362	396
			363	396
			364	396
			365	396
			366	396
			367	396
			368	396
			369	396
			370	396
			371	396
			372	396
			373	396
			374	396
			375	396
			376	396
			377	396
			378	396
			379	396
			380	396
			381	396
			382	396
			383	396
			384	396
			385	396
			386	396
			387	396
			388	396
			389	396
			390	396
			391	396
			392	396
			393	396
			394	396
			395	396
			396	396
			397	396
			398	396
			399	396
			400	396
			401	396
			402	396
			403	396
			404	395
			405	395
			406	395
			407	395
			408	395
			409	395
			410	395
			411	395
			412	395
			413	395
			414	395
			415	395
			416	395
			417	395
			418	395
			419	395
			420	395
			421	395
			422	395
			423	395
			424	394
			425	394
			426	394
			427	394
			428	394
			429	394
			430	394
			431	394
		</left_outer_edge01>
		<right_outer_edge01 type=matrix rownames=FALSE colnames=FALSE nrow=237 ncol=2 as.numeric=TRUE >
			209	271
			210	272
			211	273
			211	274
			212	275
			213	276
			214	277
			215	278
			216	279
			216	280
			217	281
			218	282
			219	283
			220	284
			221	285
			221	286
			222	287
			223	288
			224	289
			225	289
			226	290
			226	291
			227	292
			228	293
			229	294
			230	295
			231	296
			232	297
			232	298
			233	298
			234	299
			235	300
			236	301
			237	302
			238	303
			238	304
			239	305
			240	305
			241	306
			242	307
			243	308
			244	309
			244	310
			245	310
			246	311
			247	312
			248	313
			249	314
			250	314
			251	315
			252	316
			252	317
			253	318
			254	318
			255	319
			256	320
			257	321
			258	321
			259	322
			260	323
			260	324
			261	324
			262	325
			263	326
			264	327
			265	327
			266	328
			267	329
			268	329
			269	330
			270	331
			271	332
			272	333
			273	333
			274	334
			275	335
			276	336
			277	336
			278	337
			279	338
			280	338
			280	339
			281	339
			282	340
			283	340
			284	341
			285	342
			286	342
			287	343
			288	344
			289	344
			290	345
			291	346
			292	346
			293	347
			294	347
			295	348
			296	349
			297	349
			298	350
			299	350
			300	351
			301	351
			302	352
			303	353
			304	353
			305	354
			306	354
			307	355
			308	355
			309	356
			310	356
			311	357
			312	357
			313	358
			314	358
			315	359
			316	359
			317	360
			318	360
			319	361
			320	361
			321	362
			322	362
			323	362
			324	363
			325	363
			326	364
			327	364
			328	364
			329	364
			329	365
			330	365
			331	365
			332	365
			333	365
			334	366
			335	366
			336	366
			337	366
			338	366
			338	367
			339	367
			340	367
			341	367
			342	368
			343	368
			344	368
			345	368
			346	368
			347	369
			348	369
			349	369
			350	370
			351	370
			352	370
			353	370
			354	371
			355	371
			356	371
			357	371
			358	372
			359	372
			360	372
			361	372
			362	373
			363	373
			364	373
			365	373
			366	374
			367	374
			368	374
			369	375
			370	375
			371	375
			372	375
			373	376
			374	376
			375	376
			376	376
			377	377
			378	377
			379	377
			380	377
			381	378
			382	378
			383	378
			384	378
			385	379
			386	379
			387	380
			388	380
			389	380
			390	380
			391	381
			392	381
			393	381
			394	382
			395	382
			396	382
			397	382
			397	383
			398	383
			399	383
			400	383
			401	384
			402	384
			403	384
			404	385
			405	385
			406	385
			407	385
			407	386
			408	386
			409	386
			410	386
			411	387
			412	387
			413	388
			414	388
			415	388
			416	389
			417	389
			418	389
			419	390
			420	390
			421	390
			422	391
			423	391
			424	391
			425	392
			426	392
			427	393
			428	393
			429	393
			430	394
			431	394
		</right_outer_edge01>
		<top_outer_edge02 type=matrix rownames=FALSE colnames=FALSE nrow=278 ncol=2 as.numeric=TRUE >
			353	460
			353	459
			354	458
			354	457
			354	456
			354	455
			354	454
			355	453
			355	452
			355	451
			355	450
			356	449
			356	448
			356	447
			356	446
			357	445
			357	444
			357	443
			357	442
			358	441
			358	440
			358	439
			358	438
			358	437
			359	436
			359	435
			359	434
			359	433
			359	432
			360	431
			360	430
			360	429
			360	428
			360	427
			361	427
			361	426
			361	425
			361	424
			361	423
			361	422
			362	421
			362	420
			362	419
			362	418
			362	417
			363	417
			363	416
			363	415
			363	414
			363	413
			363	412
			364	411
			364	410
			364	409
			364	408
			364	407
			364	406
			365	405
			365	404
			365	403
			365	402
			365	401
			365	400
			366	399
			366	398
			366	397
			366	396
			366	395
			366	394
			366	393
			367	392
			367	391
			367	390
			367	389
			367	388
			367	387
			367	386
			368	386
			368	385
			368	384
			368	383
			368	382
			368	381
			368	380
			368	379
			369	378
			369	377
			369	376
			369	375
			369	374
			369	373
			369	372
			369	371
			369	370
			370	369
			370	368
			370	367
			370	366
			370	365
			370	364
			370	363
			370	362
			370	361
			370	360
			370	359
			371	358
			371	357
			371	356
			371	355
			371	354
			371	353
			371	352
			371	351
			371	350
			371	349
			371	348
			371	347
			371	346
			371	345
			371	344
			371	343
			371	342
			371	341
			371	340
			372	339
			372	338
			372	337
			372	336
			372	335
			372	334
			372	333
			372	332
			372	331
			372	330
			372	329
			372	328
			372	327
			372	326
			372	325
			372	324
			372	323
			372	322
			371	321
			371	320
			371	319
			371	318
			371	317
			371	316
			371	315
			371	314
			371	313
			371	312
			371	311
			371	310
			371	309
			371	308
			370	307
			370	306
			370	305
			370	304
			370	303
			369	302
			369	301
			369	300
			369	299
			369	298
			369	297
			368	296
			368	295
			368	294
			368	293
			368	292
			367	291
			367	290
			367	289
			367	288
			367	287
			366	286
			366	285
			366	284
			366	283
			366	282
			365	281
			365	280
			365	279
			365	278
			365	277
			365	276
			364	275
			364	274
			364	273
			364	272
			364	271
			363	270
			363	269
			363	268
			363	267
			363	266
			362	265
			362	264
			362	263
			362	262
			361	261
			361	260
			361	259
			361	258
			361	257
			360	256
			360	255
			360	254
			360	253
			360	252
			359	251
			359	250
			359	249
			359	248
			358	247
			358	246
			358	245
			358	244
			358	243
			357	242
			357	241
			357	240
			357	239
			357	238
			356	237
			356	236
			356	235
			356	234
			355	234
			355	233
			355	232
			355	231
			355	230
			354	229
			354	228
			354	227
			354	226
			353	226
			353	225
			353	224
			353	223
			353	222
			352	222
			352	221
			352	220
			352	219
			352	218
			351	218
			351	217
			351	216
			351	215
			351	214
			350	214
			350	213
			350	212
			350	211
			350	210
			349	210
			349	209
			349	208
			349	207
			349	206
			348	206
			348	205
			348	204
			348	203
			347	202
			347	201
			347	200
			347	199
			346	198
			346	197
			346	196
			346	195
			345	194
			345	193
		</top_outer_edge02>
		<left_outer_edge02 type=matrix rownames=FALSE colnames=FALSE nrow=523 ncol=2 as.numeric=TRUE >
			353	460
			354	459
			355	458
			356	457
			357	456
			357	455
			358	454
			359	453
			360	453
			360	452
			361	451
			362	450
			363	449
			364	448
			365	447
			366	446
			367	445
			368	444
			369	443
			370	442
			371	441
			372	440
			373	439
			374	438
			375	437
			376	436
			377	435
			378	435
			378	434
			379	433
			380	433
			380	432
			381	431
			382	431
			382	430
			383	429
			384	429
			385	428
			386	427
			387	426
			388	425
			389	425
			390	424
			391	423
			391	422
			392	422
			393	421
			394	420
			395	420
			396	419
			397	418
			398	417
			399	417
			400	416
			401	415
			401	414
			402	414
			403	413
			404	412
			405	412
			406	411
			407	410
			408	410
			409	409
			410	408
			411	407
			412	407
			413	406
			414	405
			415	405
			416	404
			417	403
			418	403
			419	402
			420	401
			421	401
			422	400
			423	399
			424	399
			425	398
			426	397
			427	397
			428	396
			429	395
			430	395
			431	394
			432	393
			433	393
			434	392
			435	392
			436	391
			437	390
			438	390
			439	389
			440	388
			441	388
			442	387
			443	387
			444	386
			445	386
			445	385
			446	385
			447	385
			447	384
			448	384
			449	384
			449	383
			450	383
			451	383
			451	382
			452	382
			453	381
			454	381
			455	380
			456	380
			457	379
			458	379
			458	378
			459	378
			460	378
			461	377
			462	377
			462	376
			463	376
			464	376
			465	375
			466	375
			466	374
			467	374
			468	373
			469	373
			470	373
			471	372
			472	371
			473	371
			474	371
			475	370
			476	370
			477	369
			478	369
			479	368
			480	368
			481	367
			482	367
			483	366
			484	366
			485	365
			486	365
			487	365
			488	364
			489	364
			490	363
			491	363
			492	362
			493	362
			494	362
			495	361
			496	361
			497	361
			498	360
			499	360
			500	359
			501	359
			502	359
			503	358
			504	358
			505	357
			506	357
			507	357
			508	356
			509	356
			510	355
			511	355
			512	355
			513	354
			514	354
			515	353
			516	353
			517	353
			518	352
			519	352
			520	352
			521	351
			522	351
			523	351
			524	350
			525	350
			526	350
			527	349
			528	349
			529	349
			530	348
			531	348
			532	348
			533	347
			534	347
			535	347
			536	346
			537	346
			538	346
			539	345
			540	345
			541	345
			542	345
			542	344
			543	344
			544	344
			545	344
			546	343
			547	343
			548	343
			549	342
			550	342
			551	342
			552	341
			553	341
			554	341
			555	341
			556	340
			557	340
			558	340
			559	339
			560	339
			561	339
			562	339
			563	338
			564	338
			565	338
			566	338
			567	337
			568	337
			569	337
			570	336
			571	336
			572	336
			573	336
			574	335
			575	335
			576	335
			577	335
			578	334
			579	334
			580	334
			581	334
			582	334
			583	333
			584	333
			585	333
			586	333
			587	332
			588	332
			589	332
			590	332
			591	331
			592	331
			593	331
			594	331
			595	331
			596	330
			597	330
			598	330
			599	330
			600	329
			601	329
			602	329
			603	329
			604	329
			605	328
			606	328
			607	328
			608	328
			609	327
			610	327
			611	327
			612	327
			613	327
			614	326
			615	326
			616	326
			617	326
			618	325
			619	325
			620	325
			621	325
			622	325
			623	324
			624	324
			625	324
			626	324
			627	323
			628	323
			629	323
			630	323
			631	323
			632	322
			633	322
			634	322
			635	322
			636	321
			637	321
			638	321
			639	321
			640	320
			641	320
			642	320
			643	320
			644	319
			645	319
			646	319
			647	319
			648	318
			649	318
			650	318
			651	318
			652	317
			653	317
			654	317
			655	316
			656	316
			657	316
			658	316
			659	315
			660	315
			661	315
			662	315
			663	314
			664	314
			665	314
			666	313
			667	313
			668	313
			669	313
			670	312
			671	312
			672	312
			673	311
			674	311
			675	311
			676	311
			677	310
			678	310
			679	310
			680	309
			681	309
			682	309
			683	309
			684	308
			685	308
			686	308
			687	307
			688	307
			689	307
			690	306
			691	306
			692	306
			693	306
			694	305
			695	305
			696	305
			697	304
			698	304
			699	304
			700	303
			701	303
			702	303
			703	302
			704	302
			705	302
			706	301
			707	301
			708	301
			709	301
			710	300
			711	300
			712	300
			713	299
			714	299
			715	299
			716	298
			717	298
			718	298
			719	297
			720	297
			721	297
			722	296
			723	296
			724	296
			725	295
			726	295
			727	295
			728	294
			729	294
			730	294
			731	293
			732	293
			733	293
			734	292
			735	292
			736	291
			737	291
			738	291
			739	290
			740	290
			741	290
			742	289
			743	289
			744	289
			745	288
			746	288
			747	288
			748	287
			749	287
			750	286
			751	286
			752	286
			753	285
			754	285
			755	285
			756	284
			757	284
			758	283
			759	283
			760	283
			760	282
			761	282
			762	282
			763	281
			764	281
			765	281
			766	280
			767	280
			768	280
			769	279
			770	279
			771	278
			772	278
			773	277
			774	277
			775	277
			776	276
			777	276
			778	275
			779	275
			780	275
			781	274
			782	274
			783	273
			784	273
			785	273
			786	272
			787	272
			788	271
			789	271
			790	270
			791	270
			792	270
			793	269
			794	269
			795	268
			796	268
			797	267
			798	267
			799	267
			800	266
			801	266
			802	265
			803	265
			804	264
			805	264
			806	264
			807	263
			808	263
			809	262
			810	262
			811	261
			812	261
			813	260
			814	260
			815	260
			816	259
			817	259
			818	258
			819	258
			820	257
			821	257
			822	256
			823	256
			824	256
			825	255
			826	255
			827	254
			828	254
			829	253
			830	253
			831	252
			832	252
			833	251
			834	251
			835	250
			836	250
			837	250
			838	249
			839	249
			840	248
			841	248
			842	247
			843	247
			844	246
			845	246
			846	245
			847	245
			847	244
			848	244
			849	243
			850	243
			851	242
			852	242
			853	241
			854	241
			855	240
			856	240
			857	239
			858	239
		</left_outer_edge02>
		<right_outer_edge02 type=matrix rownames=FALSE colnames=FALSE nrow=516 ncol=2 as.numeric=TRUE >
			345	193
			346	193
			347	193
			348	194
			349	194
			350	194
			351	194
			352	194
			353	195
			354	195
			355	195
			356	195
			357	195
			358	196
			359	196
			360	196
			361	196
			362	196
			363	197
			364	197
			365	197
			366	197
			367	197
			368	197
			369	198
			370	198
			371	198
			372	198
			373	198
			374	198
			375	199
			376	199
			377	199
			378	199
			379	199
			380	199
			381	200
			382	200
			383	200
			384	200
			385	200
			386	200
			386	201
			387	201
			388	201
			389	201
			390	201
			391	201
			392	202
			393	202
			394	202
			395	202
			396	202
			397	202
			398	202
			399	203
			400	203
			401	203
			402	203
			403	203
			404	204
			405	204
			406	204
			407	204
			408	204
			409	204
			410	204
			411	205
			412	205
			413	205
			414	205
			415	205
			416	205
			417	205
			418	206
			419	206
			420	206
			421	206
			422	206
			423	206
			424	206
			425	207
			426	207
			427	207
			428	207
			429	207
			430	207
			431	207
			432	208
			433	208
			434	208
			435	208
			436	208
			437	208
			438	208
			439	209
			440	209
			441	209
			442	209
			443	209
			444	209
			445	209
			446	209
			447	210
			448	210
			449	210
			450	210
			451	210
			452	210
			453	210
			454	210
			454	211
			455	211
			456	211
			457	211
			458	211
			459	211
			460	211
			461	211
			462	212
			463	212
			464	212
			465	212
			466	212
			467	212
			468	212
			469	212
			470	212
			471	213
			472	213
			473	213
			474	213
			475	213
			476	213
			477	213
			478	213
			479	213
			480	214
			481	214
			482	214
			483	214
			484	214
			485	214
			486	214
			487	214
			488	214
			489	214
			490	215
			491	215
			492	215
			493	215
			494	215
			495	215
			496	215
			497	215
			498	215
			499	215
			500	216
			501	216
			502	216
			503	216
			504	216
			505	216
			506	216
			507	216
			508	216
			509	216
			510	217
			511	217
			512	217
			513	217
			514	217
			515	217
			516	217
			517	217
			518	217
			519	217
			520	217
			521	217
			522	218
			523	218
			524	218
			525	218
			526	218
			527	218
			528	218
			529	218
			530	218
			531	218
			532	218
			533	218
			534	218
			535	219
			536	219
			537	219
			538	219
			539	219
			540	219
			541	219
			542	219
			543	219
			544	219
			545	219
			546	219
			547	219
			548	220
			549	220
			550	220
			551	220
			552	220
			553	220
			554	220
			555	220
			556	220
			557	220
			558	220
			559	220
			560	220
			561	220
			562	220
			563	220
			564	221
			565	221
			566	221
			567	221
			568	221
			569	221
			570	221
			571	221
			572	221
			573	221
			574	221
			575	221
			576	221
			577	221
			578	221
			579	221
			580	221
			581	221
			582	222
			583	222
			584	222
			585	222
			586	222
			587	222
			588	222
			589	222
			590	222
			591	222
			592	222
			593	222
			594	222
			595	222
			596	222
			597	222
			598	222
			599	222
			600	222
			601	222
			602	222
			603	222
			604	222
			605	222
			606	223
			607	223
			608	223
			609	223
			610	223
			611	223
			612	223
			613	223
			614	223
			615	223
			616	223
			617	223
			618	223
			619	223
			620	223
			621	223
			622	223
			623	223
			624	223
			625	223
			626	223
			627	223
			628	223
			629	224
			630	224
			631	224
			632	224
			633	224
			634	224
			635	224
			636	224
			637	224
			638	224
			639	224
			640	224
			641	225
			642	225
			643	225
			644	225
			645	225
			646	225
			647	225
			648	225
			649	225
			650	225
			651	225
			652	225
			653	225
			654	226
			655	226
			656	226
			657	226
			658	226
			659	226
			660	226
			661	226
			662	226
			663	226
			664	226
			665	226
			666	226
			667	226
			668	227
			669	227
			670	227
			671	227
			672	227
			673	227
			674	227
			675	227
			676	227
			677	227
			678	227
			679	227
			680	227
			681	228
			682	228
			683	228
			684	228
			685	228
			686	228
			687	228
			688	228
			689	228
			690	228
			691	228
			692	228
			693	228
			694	228
			695	229
			696	229
			697	229
			698	229
			699	229
			700	229
			701	229
			702	229
			703	229
			704	229
			705	229
			706	229
			707	229
			708	230
			709	230
			710	230
			711	230
			712	230
			713	230
			714	230
			715	230
			716	230
			717	230
			718	230
			719	230
			720	230
			721	230
			722	230
			723	231
			724	231
			725	231
			726	231
			727	231
			728	231
			729	231
			730	231
			731	231
			732	231
			733	231
			734	231
			735	231
			736	231
			737	232
			738	232
			739	232
			740	232
			741	232
			742	232
			743	232
			744	232
			745	232
			746	232
			747	232
			748	232
			749	232
			750	232
			751	232
			752	233
			753	233
			754	233
			755	233
			756	233
			757	233
			758	233
			759	233
			760	233
			761	233
			762	233
			763	233
			764	233
			765	233
			766	233
			767	234
			768	234
			769	234
			770	234
			771	234
			772	234
			773	234
			774	234
			775	234
			776	234
			777	234
			778	234
			779	234
			780	234
			781	234
			782	235
			783	235
			784	235
			785	235
			786	235
			787	235
			788	235
			789	235
			790	235
			791	235
			792	235
			793	235
			794	235
			795	235
			796	235
			797	235
			798	236
			799	236
			800	236
			801	236
			802	236
			803	236
			804	236
			805	236
			806	236
			807	236
			808	236
			809	236
			810	236
			811	236
			812	236
			813	236
			814	236
			815	237
			816	237
			817	237
			818	237
			819	237
			820	237
			821	237
			822	237
			823	237
			824	237
			825	237
			826	237
			827	237
			828	237
			829	237
			830	237
			831	237
			832	238
			833	238
			834	238
			835	238
			836	238
			837	238
			838	238
			839	238
			840	238
			841	238
			842	238
			843	238
			844	238
			845	238
			846	238
			847	238
			848	238
			849	239
			850	239
			851	239
			852	239
			853	239
			854	239
			855	239
			856	239
			857	239
			858	239
		</right_outer_edge02>
		<top_outer_edge03 type=matrix rownames=FALSE colnames=FALSE nrow=187 ncol=2 as.numeric=TRUE >
			437	456
			438	455
			438	454
			439	453
			439	452
			440	451
			440	450
			440	449
			441	449
			441	448
			441	447
			442	447
			442	446
			442	445
			443	445
			443	444
			443	443
			444	442
			444	441
			445	440
			445	439
			446	438
			446	437
			447	436
			447	435
			448	434
			448	433
			448	432
			449	432
			449	431
			450	430
			450	429
			450	428
			451	427
			451	426
			452	425
			452	424
			453	423
			453	422
			454	421
			454	420
			455	419
			455	418
			455	417
			456	416
			456	415
			457	414
			457	413
			458	412
			458	411
			458	410
			459	409
			459	408
			460	407
			460	406
			460	405
			461	404
			461	403
			461	402
			462	402
			462	401
			463	400
			463	399
			463	398
			464	397
			464	396
			464	395
			465	394
			465	393
			466	392
			466	391
			466	390
			467	389
			467	388
			468	387
			468	386
			468	385
			469	384
			469	383
			469	382
			470	381
			470	380
			470	379
			471	378
			471	377
			471	376
			471	375
			472	374
			472	373
			472	372
			473	371
			473	370
			473	369
			474	368
			474	367
			474	366
			475	365
			475	364
			475	363
			476	362
			476	361
			476	360
			476	359
			477	359
			477	358
			477	357
			477	356
			478	355
			478	354
			478	353
			478	352
			479	351
			479	350
			479	349
			480	348
			480	347
			480	346
			480	345
			480	344
			481	343
			481	342
			481	341
			481	340
			482	339
			482	338
			482	337
			482	336
			482	335
			483	334
			483	333
			483	332
			483	331
			483	330
			484	329
			484	328
			484	327
			484	326
			484	325
			484	324
			485	323
			485	322
			485	321
			485	320
			485	319
			485	318
			485	317
			486	316
			486	315
			486	314
			486	313
			486	312
			486	311
			486	310
			486	309
			487	309
			487	308
			487	307
			487	306
			487	305
			487	304
			487	303
			487	302
			487	301
			488	300
			488	299
			488	298
			488	297
			488	296
			488	295
			488	294
			488	293
			488	292
			488	291
			488	290
			488	289
			488	288
			489	287
			489	286
			489	285
			489	284
			489	283
			489	282
			489	281
			489	280
			489	279
			489	278
			489	277
		</top_outer_edge03>
		<left_outer_edge03 type=matrix rownames=FALSE colnames=FALSE nrow=348 ncol=2 as.numeric=TRUE >
			437	456
			438	456
			439	456
			440	455
			441	455
			442	455
			443	455
			444	455
			445	454
			446	454
			447	454
			448	454
			449	454
			450	454
			451	453
			452	453
			453	453
			454	453
			455	453
			456	452
			457	452
			458	452
			459	452
			460	452
			461	452
			462	451
			463	451
			464	451
			465	451
			466	451
			467	451
			468	451
			469	450
			470	450
			471	450
			472	450
			473	450
			474	450
			475	449
			476	449
			477	449
			478	449
			479	449
			480	449
			481	448
			482	448
			483	448
			484	448
			485	448
			486	448
			487	448
			488	447
			489	447
			490	447
			491	447
			492	447
			493	447
			494	447
			495	446
			496	446
			497	446
			498	446
			499	446
			500	446
			501	446
			502	446
			503	445
			504	445
			505	445
			506	445
			507	445
			508	445
			509	445
			510	445
			511	445
			512	444
			513	444
			514	444
			515	444
			516	444
			517	444
			518	444
			519	444
			520	443
			521	443
			522	443
			523	443
			524	443
			525	443
			526	443
			527	443
			528	443
			529	443
			530	442
			531	442
			532	442
			533	442
			534	442
			535	442
			536	442
			537	442
			538	442
			539	442
			540	442
			541	442
			542	441
			543	441
			544	441
			545	441
			546	441
			547	441
			548	441
			549	441
			550	441
			551	441
			552	441
			553	441
			554	441
			555	441
			556	440
			557	440
			558	440
			559	440
			560	440
			561	440
			562	440
			563	440
			564	440
			565	440
			566	440
			567	440
			568	440
			569	440
			570	440
			571	440
			572	440
			573	440
			574	440
			574	439
			575	439
			576	439
			577	439
			578	439
			579	439
			580	439
			581	439
			582	439
			583	439
			584	439
			585	439
			586	439
			587	439
			588	439
			589	439
			590	439
			591	439
			592	439
			593	439
			594	439
			595	439
			596	439
			597	439
			598	439
			599	439
			600	439
			601	439
			602	439
			603	439
			604	439
			605	439
			606	439
			607	439
			608	439
			609	439
			610	439
			611	439
			612	439
			613	439
			614	439
			615	439
			616	439
			617	439
			618	439
			619	439
			620	439
			621	439
			622	439
			623	439
			624	439
			625	439
			626	439
			627	438
			628	438
			629	438
			630	438
			631	438
			632	438
			633	438
			634	438
			635	438
			636	437
			637	437
			638	437
			639	437
			640	437
			641	437
			642	437
			643	437
			644	437
			645	437
			646	436
			647	436
			648	436
			649	436
			650	436
			651	436
			652	436
			653	436
			654	436
			655	436
			656	436
			657	436
			658	436
			659	435
			660	435
			661	435
			662	435
			663	435
			664	435
			665	435
			666	435
			667	435
			668	435
			669	435
			670	435
			671	435
			672	435
			673	435
			674	435
			675	435
			676	435
			677	435
			678	435
			679	435
			680	435
			681	435
			682	435
			683	435
			684	435
			685	434
			686	434
			687	434
			688	434
			689	434
			690	434
			691	434
			692	434
			693	434
			694	434
			695	434
			696	434
			697	434
			698	434
			699	434
			700	435
			701	435
			702	435
			703	435
			704	435
			705	435
			706	435
			707	435
			708	435
			709	435
			710	435
			711	435
			712	435
			713	435
			714	435
			715	435
			716	435
			717	435
			718	435
			719	435
			720	435
			721	435
			722	435
			723	435
			724	435
			725	435
			726	435
			727	435
			728	436
			729	436
			730	436
			731	436
			732	436
			733	436
			734	436
			735	436
			736	436
			737	436
			738	436
			739	436
			740	436
			741	436
			742	437
			743	437
			744	437
			745	437
			746	437
			747	437
			748	437
			749	437
			750	437
			751	437
			752	437
			753	437
			754	438
			755	438
			756	438
			757	438
			758	438
			759	438
			760	438
			761	438
			762	438
			763	439
			764	439
			765	439
			766	439
			767	439
			768	439
			769	439
			770	439
			771	439
			772	440
			773	440
			774	440
			775	440
			776	440
			777	440
			778	440
			779	440
			780	441
			781	441
			782	441
			783	441
		</left_outer_edge03>
		<right_outer_edge03 type=matrix rownames=FALSE colnames=FALSE nrow=310 ncol=2 as.numeric=TRUE >
			489	277
			490	277
			491	278
			492	278
			493	279
			494	279
			495	280
			496	280
			497	281
			498	281
			499	281
			500	282
			501	282
			501	283
			502	283
			503	284
			504	284
			505	285
			506	285
			507	286
			508	286
			509	286
			510	287
			511	287
			512	288
			513	288
			514	289
			515	289
			516	290
			517	290
			518	291
			519	291
			520	292
			521	292
			522	293
			523	293
			524	293
			525	294
			526	295
			527	295
			528	296
			529	296
			530	296
			531	297
			532	297
			533	298
			534	298
			535	299
			536	300
			537	300
			538	301
			539	301
			540	302
			541	302
			542	303
			543	303
			544	303
			545	304
			546	305
			547	305
			548	305
			549	306
			550	306
			551	307
			552	307
			553	308
			554	308
			555	309
			556	310
			557	310
			558	311
			559	311
			560	312
			561	312
			562	313
			563	313
			564	313
			564	314
			565	314
			566	315
			567	315
			568	315
			568	316
			569	316
			570	317
			571	317
			572	318
			573	318
			574	319
			575	319
			576	320
			577	320
			578	321
			579	321
			579	322
			580	322
			581	323
			582	323
			583	324
			584	324
			585	325
			586	325
			587	326
			588	326
			589	327
			590	328
			591	328
			592	328
			592	329
			593	329
			594	329
			594	330
			595	330
			596	331
			597	331
			598	332
			599	332
			600	333
			601	333
			602	334
			603	335
			604	335
			605	336
			606	336
			607	337
			608	337
			609	338
			610	339
			611	339
			612	340
			613	340
			614	341
			615	342
			616	342
			617	343
			618	343
			619	344
			620	344
			621	345
			622	346
			623	346
			624	347
			625	347
			626	348
			627	348
			628	349
			629	350
			630	350
			631	350
			632	351
			633	351
			634	351
			635	352
			636	352
			637	353
			638	353
			639	353
			640	354
			641	354
			642	355
			643	355
			644	355
			645	356
			646	356
			647	356
			648	357
			649	357
			650	358
			651	358
			652	359
			653	359
			654	359
			655	360
			656	360
			657	361
			658	361
			659	362
			660	362
			661	363
			662	363
			663	364
			664	364
			665	365
			666	365
			667	366
			668	366
			669	367
			670	367
			671	367
			671	368
			672	368
			673	369
			674	369
			675	370
			676	370
			677	371
			678	371
			678	372
			679	372
			680	373
			681	373
			682	373
			683	374
			684	374
			685	375
			686	375
			687	376
			688	377
			689	378
			690	378
			691	378
			691	379
			692	379
			693	380
			694	380
			695	381
			696	382
			697	382
			698	383
			699	383
			700	384
			701	385
			702	385
			703	386
			704	386
			705	387
			706	388
			707	388
			708	389
			709	389
			710	390
			711	391
			712	391
			713	392
			714	393
			715	393
			716	394
			717	395
			718	395
			719	396
			720	397
			721	397
			722	398
			723	398
			724	399
			725	400
			726	400
			727	401
			728	402
			729	402
			730	403
			731	403
			731	404
			732	404
			733	405
			734	405
			734	406
			735	406
			736	407
			737	407
			737	408
			738	408
			739	409
			740	410
			741	410
			741	411
			742	411
			743	412
			744	412
			744	413
			745	413
			746	414
			747	414
			748	415
			748	416
			749	416
			750	417
			751	417
			752	418
			753	419
			754	420
			755	420
			756	421
			757	422
			758	422
			759	423
			760	424
			761	425
			762	425
			763	426
			764	427
			765	427
			766	428
			767	429
			768	430
			769	430
			770	431
			771	432
			772	433
			773	433
			774	434
			775	435
			776	436
			777	436
			778	437
			779	438
			780	439
			781	439
			782	440
			783	441
		</right_outer_edge03>
	</curves.pixel>
</shapes>

