<shapes type=list>
	<scaling type=logical names=FALSE length=1 as.numeric=FALSE >NA</scaling>
	<landmarks.pixel type=matrix rownames=TRUE colnames=FALSE nrow=21 ncol=2 as.numeric=TRUE >
		tail_vertex01	485	293
		left_vertex01	118	434
		right_vertex01	186	169
		depth_point01	221	296
		tail_vertex02	829	376
		left_vertex02	244	482
		right_vertex02	309	119
		depth_point02	397	323
		tail_vertex03	700	563
		left_vertex03	292	597
		right_vertex03	368	436
		depth_point03	401	522
		 2	119	437
		 3	185	171
		 1	482	294
		 6	248	487
		 7	311	116
		 5	841	383
		10	300	598
		11	373	420
		 9	708	566
	</landmarks.pixel>
	<curves.control type=list>
		<top_outer_edge01 type=matrix rownames=FALSE colnames=FALSE nrow=5 ncol=2 as.numeric=TRUE >
			119	437
			131	392
			138	319
			159	224
			185	171
		</top_outer_edge01>
		<left_outer_edge01 type=matrix rownames=FALSE colnames=FALSE nrow=5 ncol=2 as.numeric=TRUE >
			119	437
			220	446
			316	394
			391	345
			482	294
		</left_outer_edge01>
		<right_outer_edge01 type=matrix rownames=FALSE colnames=FALSE nrow=5 ncol=2 as.numeric=TRUE >
			185	171
			228	212
			294	242
			388	266
			482	294
		</right_outer_edge01>
		<top_outer_edge02 type=matrix rownames=FALSE colnames=FALSE nrow=5 ncol=2 as.numeric=TRUE >
			248	487
			294	378
			293	287
			303	200
			311	116
		</top_outer_edge02>
		<left_outer_edge02 type=matrix rownames=FALSE colnames=FALSE nrow=5 ncol=2 as.numeric=TRUE >
			248	487
			410	404
			587	404
			727	392
			841	383
		</left_outer_edge02>
		<right_outer_edge02 type=matrix rownames=FALSE colnames=FALSE nrow=5 ncol=2 as.numeric=TRUE >
			311	116
			445	217
			604	269
			740	322
			841	383
		</right_outer_edge02>
		<top_outer_edge03 type=matrix rownames=FALSE colnames=FALSE nrow=5 ncol=2 as.numeric=TRUE >
			300	598
			320	549
			336	499
			348	461
			373	420
		</top_outer_edge03>
		<left_outer_edge03 type=matrix rownames=FALSE colnames=FALSE nrow=5 ncol=2 as.numeric=TRUE >
			300	598
			403	591
			519	580
			627	578
			708	566
		</left_outer_edge03>
		<right_outer_edge03 type=matrix rownames=FALSE colnames=FALSE nrow=5 ncol=2 as.numeric=TRUE >
			373	420
			443	457
			514	481
			599	511
			708	566
		</right_outer_edge03>
	</curves.control>
	<curves.pixel type=list>
		<top_outer_edge01 type=matrix rownames=FALSE colnames=FALSE nrow=270 ncol=2 as.numeric=TRUE >
			119	437
			119	436
			120	435
			120	434
			120	433
			120	432
			120	431
			121	430
			121	429
			121	428
			122	427
			122	426
			122	425
			122	424
			123	423
			123	422
			123	421
			123	420
			123	419
			124	418
			124	417
			124	416
			124	415
			125	414
			125	413
			125	412
			125	411
			125	410
			125	409
			126	408
			126	407
			126	406
			126	405
			126	404
			127	403
			127	402
			127	401
			127	400
			127	399
			128	398
			128	397
			128	396
			128	395
			128	394
			128	393
			129	392
			129	391
			129	390
			129	389
			129	388
			129	387
			130	386
			130	385
			130	384
			130	383
			130	382
			130	381
			131	380
			131	379
			131	378
			131	377
			131	376
			131	375
			131	374
			132	373
			132	372
			132	371
			132	370
			132	369
			132	368
			132	367
			133	366
			133	365
			133	364
			133	363
			133	362
			133	361
			133	360
			134	359
			134	358
			134	357
			134	356
			134	355
			134	354
			134	353
			134	352
			135	351
			135	350
			135	349
			135	348
			135	347
			135	346
			135	345
			135	344
			135	343
			136	342
			136	341
			136	340
			136	339
			136	338
			136	337
			136	336
			136	335
			136	334
			137	333
			137	332
			137	331
			137	330
			137	329
			137	328
			137	327
			137	326
			137	325
			137	324
			138	323
			138	322
			138	321
			138	320
			138	319
			138	318
			138	317
			139	316
			139	315
			139	314
			139	313
			140	312
			140	311
			140	310
			140	309
			140	308
			141	307
			141	306
			141	305
			141	304
			142	303
			142	302
			142	301
			142	300
			143	299
			143	298
			143	297
			143	296
			144	295
			144	294
			144	293
			144	292
			144	291
			145	290
			145	289
			145	288
			146	287
			146	286
			146	285
			146	284
			147	283
			147	282
			147	281
			147	280
			147	279
			148	279
			148	278
			148	277
			148	276
			149	275
			149	274
			149	273
			149	272
			150	271
			150	270
			150	269
			151	268
			151	267
			151	266
			151	265
			152	264
			152	263
			152	262
			152	261
			153	260
			153	259
			153	258
			153	257
			154	256
			154	255
			154	254
			155	253
			155	252
			155	251
			156	250
			156	249
			156	248
			157	247
			157	246
			157	245
			157	244
			158	243
			158	242
			158	241
			159	240
			159	239
			159	238
			160	237
			160	236
			160	235
			160	234
			161	233
			161	232
			161	231
			162	230
			162	229
			162	228
			163	227
			163	226
			163	225
			164	224
			164	223
			165	222
			165	221
			165	220
			165	219
			166	218
			166	217
			166	216
			167	215
			167	214
			168	213
			168	212
			168	211
			169	210
			169	209
			169	208
			170	207
			170	206
			171	205
			171	204
			171	203
			172	202
			172	201
			172	200
			173	199
			173	198
			174	197
			174	196
			174	195
			175	194
			175	193
			176	192
			176	191
			176	190
			177	189
			177	188
			177	187
			178	187
			178	186
			179	185
			179	184
			179	183
			180	183
			180	182
			180	181
			181	180
			181	179
			182	178
			182	177
			183	176
			183	175
			183	174
			184	173
			184	172
			185	171
		</top_outer_edge01>
		<left_outer_edge01 type=matrix rownames=FALSE colnames=FALSE nrow=381 ncol=2 as.numeric=TRUE >
			119	437
			120	437
			121	437
			122	437
			123	437
			124	437
			125	437
			126	438
			127	438
			128	438
			129	438
			130	438
			131	438
			132	438
			133	438
			134	438
			135	438
			136	438
			137	438
			138	438
			139	438
			140	438
			141	438
			142	438
			143	438
			144	438
			145	438
			146	438
			147	438
			148	438
			149	438
			150	438
			151	438
			152	438
			153	438
			154	438
			155	438
			156	438
			157	438
			158	438
			159	438
			160	438
			161	438
			162	438
			163	438
			164	438
			165	438
			166	438
			167	438
			168	438
			169	438
			170	438
			171	438
			172	437
			173	437
			174	437
			175	437
			176	437
			177	437
			178	437
			179	437
			180	437
			181	437
			182	437
			183	436
			184	436
			185	436
			186	436
			187	436
			188	436
			189	436
			190	436
			191	436
			192	435
			193	435
			194	435
			195	435
			196	435
			197	435
			198	435
			199	434
			200	434
			201	434
			202	434
			203	434
			204	434
			205	433
			206	433
			207	433
			208	433
			209	433
			210	432
			211	432
			212	432
			213	432
			214	432
			215	432
			216	431
			217	431
			218	431
			219	431
			220	430
			221	430
			222	430
			223	430
			224	430
			225	429
			226	429
			227	429
			228	429
			229	428
			230	428
			231	428
			232	428
			233	427
			234	427
			235	427
			236	427
			237	426
			238	426
			239	426
			240	425
			241	425
			242	425
			243	425
			244	424
			245	424
			246	424
			247	423
			248	423
			249	423
			250	422
			251	422
			252	422
			253	422
			254	421
			255	421
			256	421
			257	420
			258	420
			259	419
			260	419
			261	419
			262	418
			263	418
			264	417
			265	417
			266	417
			267	417
			268	416
			269	416
			270	415
			271	415
			272	414
			273	414
			274	414
			275	413
			276	413
			277	412
			278	412
			279	412
			280	411
			281	411
			282	410
			283	410
			284	409
			285	409
			286	408
			287	408
			288	408
			289	407
			290	407
			291	407
			291	406
			292	406
			293	406
			293	405
			294	405
			295	405
			296	404
			297	404
			298	403
			299	403
			300	402
			301	402
			302	401
			303	401
			304	400
			305	400
			306	399
			307	399
			308	398
			309	398
			310	397
			311	396
			312	396
			313	395
			314	395
			315	395
			315	394
			316	394
			317	393
			318	393
			319	392
			320	391
			321	391
			322	390
			323	390
			324	389
			325	388
			326	388
			327	387
			328	386
			329	386
			330	385
			331	384
			332	384
			333	383
			334	383
			335	382
			336	381
			337	381
			338	380
			339	379
			340	379
			341	378
			342	377
			343	377
			344	376
			345	376
			346	375
			347	374
			348	374
			349	373
			350	372
			351	372
			352	371
			353	370
			354	370
			355	369
			356	369
			357	368
			358	367
			359	367
			360	366
			361	365
			362	365
			363	364
			364	363
			365	363
			366	362
			367	361
			368	361
			369	360
			370	360
			371	359
			372	358
			373	358
			374	357
			375	357
			375	356
			376	356
			377	356
			377	355
			378	355
			379	354
			380	354
			381	353
			382	352
			383	352
			384	351
			385	351
			385	350
			386	350
			387	349
			388	349
			388	348
			389	348
			390	348
			391	347
			392	347
			392	346
			393	346
			394	345
			395	345
			395	344
			396	344
			397	343
			398	343
			399	342
			400	341
			401	341
			402	340
			403	340
			404	339
			405	339
			406	338
			407	338
			408	337
			409	336
			410	335
			411	335
			412	334
			413	334
			414	333
			415	332
			416	332
			417	331
			418	331
			419	330
			420	329
			421	329
			422	328
			423	328
			424	327
			425	327
			426	326
			427	325
			428	325
			429	324
			430	324
			431	323
			432	322
			433	322
			434	321
			435	321
			436	320
			437	320
			438	319
			439	318
			440	318
			441	317
			442	317
			443	316
			444	315
			445	315
			446	314
			447	314
			448	313
			449	312
			450	312
			451	311
			452	311
			453	311
			453	310
			454	310
			455	310
			455	309
			456	309
			456	308
			457	308
			458	308
			458	307
			459	307
			460	307
			460	306
			461	306
			462	305
			463	305
			464	304
			465	303
			466	303
			467	303
			467	302
			468	302
			469	301
			470	301
			470	300
			471	300
			472	300
			473	299
			474	298
			475	298
			476	297
			477	297
			478	296
			479	296
			480	295
			481	295
			481	294
			482	294
		</left_outer_edge01>
		<right_outer_edge01 type=matrix rownames=FALSE colnames=FALSE nrow=304 ncol=2 as.numeric=TRUE >
			185	171
			186	172
			187	173
			188	174
			189	175
			190	175
			191	176
			192	177
			193	178
			194	179
			195	180
			196	181
			197	182
			198	183
			199	183
			199	184
			200	184
			201	185
			202	186
			203	187
			204	188
			205	189
			206	189
			207	190
			208	191
			209	192
			210	193
			211	194
			212	194
			213	194
			213	195
			214	195
			215	196
			216	197
			217	198
			218	198
			219	199
			220	200
			221	201
			222	201
			223	202
			224	203
			225	203
			226	204
			227	205
			228	205
			229	206
			230	207
			231	207
			232	208
			233	209
			234	209
			235	210
			236	211
			237	211
			238	212
			239	213
			240	213
			241	214
			242	214
			243	215
			244	216
			245	216
			246	217
			247	218
			248	218
			249	219
			250	219
			251	220
			252	221
			253	221
			254	222
			255	222
			256	223
			257	224
			258	224
			259	224
			260	225
			261	225
			261	226
			262	226
			263	227
			264	227
			265	228
			266	228
			267	229
			268	229
			269	230
			270	230
			271	231
			272	231
			273	232
			274	232
			275	233
			276	233
			277	234
			278	234
			279	235
			280	235
			281	236
			282	236
			283	237
			284	237
			285	238
			286	238
			287	239
			288	239
			289	240
			290	240
			291	241
			292	241
			293	242
			294	242
			295	242
			296	242
			297	243
			298	243
			299	243
			300	244
			301	244
			302	244
			303	244
			304	245
			305	245
			306	245
			307	245
			308	246
			309	246
			310	246
			311	246
			312	247
			313	247
			314	247
			315	247
			316	248
			317	248
			318	248
			319	248
			319	249
			320	249
			321	249
			322	249
			323	250
			324	250
			325	250
			326	250
			327	250
			327	251
			328	251
			329	251
			330	251
			331	252
			332	252
			333	252
			334	252
			335	253
			336	253
			337	253
			338	253
			339	254
			340	254
			341	254
			342	254
			343	255
			344	255
			345	255
			346	255
			347	256
			348	256
			349	256
			350	257
			351	257
			352	257
			353	257
			353	258
			354	258
			355	258
			356	258
			357	259
			358	259
			359	259
			360	259
			361	260
			362	260
			363	260
			364	261
			365	261
			366	261
			367	261
			368	262
			369	262
			370	262
			371	262
			372	263
			373	263
			374	263
			375	263
			376	264
			377	264
			378	264
			379	265
			380	265
			381	265
			382	265
			383	266
			384	266
			385	266
			386	267
			387	267
			388	267
			389	267
			390	268
			391	268
			392	268
			393	268
			394	269
			395	269
			396	269
			397	270
			398	270
			399	270
			400	270
			401	271
			402	271
			403	271
			404	271
			405	272
			406	272
			407	272
			408	273
			409	273
			410	273
			411	273
			412	274
			413	274
			414	274
			415	275
			416	275
			417	275
			418	275
			419	276
			420	276
			421	276
			422	277
			423	277
			424	277
			425	277
			426	278
			427	278
			428	278
			429	279
			430	279
			431	279
			432	279
			433	280
			434	280
			435	280
			436	281
			437	281
			438	281
			439	281
			440	282
			441	282
			442	282
			443	283
			444	283
			445	283
			446	283
			447	284
			448	284
			449	284
			450	285
			451	285
			452	285
			453	285
			454	286
			455	286
			456	286
			457	287
			458	287
			459	287
			460	287
			461	288
			462	288
			463	288
			464	289
			465	289
			466	289
			467	290
			468	290
			469	290
			470	290
			471	291
			472	291
			473	291
			474	292
			475	292
			476	292
			477	292
			478	293
			479	293
			480	293
			481	294
			482	294
		</right_outer_edge01>
		<top_outer_edge02 type=matrix rownames=FALSE colnames=FALSE nrow=377 ncol=2 as.numeric=TRUE >
			248	487
			248	486
			249	485
			249	484
			250	483
			250	482
			250	481
			251	481
			251	480
			251	479
			252	478
			252	477
			253	476
			253	475
			253	474
			254	473
			254	472
			255	471
			255	470
			255	469
			256	468
			256	467
			257	466
			257	465
			257	464
			258	463
			258	462
			258	461
			259	460
			259	459
			260	458
			260	457
			260	456
			261	455
			261	454
			261	453
			262	452
			262	451
			262	450
			263	449
			263	448
			263	447
			264	446
			264	445
			264	444
			265	444
			265	443
			265	442
			266	441
			266	440
			266	439
			267	438
			267	437
			267	436
			268	435
			268	434
			268	433
			269	432
			269	431
			269	430
			270	429
			270	428
			270	427
			270	426
			271	425
			271	424
			271	423
			272	423
			272	422
			272	421
			272	420
			273	419
			273	418
			273	417
			274	416
			274	415
			274	414
			274	413
			275	412
			275	411
			275	410
			275	409
			276	408
			276	407
			276	406
			277	405
			277	404
			277	403
			278	402
			278	401
			278	400
			278	399
			279	398
			279	397
			279	396
			279	395
			280	394
			280	393
			280	392
			280	391
			280	390
			281	389
			281	388
			281	387
			281	386
			282	385
			282	384
			282	383
			282	382
			283	381
			283	380
			283	379
			283	378
			283	377
			284	377
			284	376
			284	375
			284	374
			284	373
			285	372
			285	371
			285	370
			285	369
			285	368
			286	367
			286	366
			286	365
			286	364
			286	363
			286	362
			287	361
			287	360
			287	359
			287	358
			287	357
			287	356
			288	355
			288	354
			288	353
			288	352
			288	351
			288	350
			289	349
			289	348
			289	347
			289	346
			289	345
			289	344
			289	343
			290	342
			290	341
			290	340
			290	339
			290	338
			290	337
			290	336
			290	335
			291	334
			291	333
			291	332
			291	331
			291	330
			291	329
			291	328
			291	327
			291	326
			291	325
			292	324
			292	323
			292	322
			292	321
			292	320
			292	319
			292	318
			292	317
			292	316
			292	315
			292	314
			292	313
			292	312
			292	311
			293	310
			293	309
			293	308
			293	307
			293	306
			293	305
			293	304
			293	303
			293	302
			293	301
			293	300
			293	299
			293	298
			293	297
			293	296
			293	295
			293	294
			293	293
			293	292
			293	291
			293	290
			293	289
			293	288
			293	287
			293	286
			293	285
			293	284
			293	283
			294	282
			294	281
			294	280
			294	279
			294	278
			294	277
			294	276
			294	275
			294	274
			295	273
			295	272
			295	271
			295	270
			295	269
			295	268
			295	267
			295	266
			295	265
			296	264
			296	263
			296	262
			296	261
			296	260
			296	259
			296	258
			296	257
			296	256
			297	256
			297	255
			297	254
			297	253
			297	252
			297	251
			297	250
			297	249
			297	248
			298	247
			298	246
			298	245
			298	244
			298	243
			298	242
			298	241
			298	240
			298	239
			298	238
			299	237
			299	236
			299	235
			299	234
			299	233
			299	232
			299	231
			299	230
			299	229
			300	228
			300	227
			300	226
			300	225
			300	224
			300	223
			300	222
			300	221
			300	220
			301	219
			301	218
			301	217
			301	216
			301	215
			301	214
			301	213
			301	212
			301	211
			302	210
			302	209
			302	208
			302	207
			302	206
			302	205
			302	204
			302	203
			302	202
			303	201
			303	200
			303	199
			303	198
			303	197
			303	196
			303	195
			303	194
			303	193
			303	192
			304	191
			304	190
			304	189
			304	188
			304	187
			304	186
			304	185
			304	184
			304	183
			304	182
			305	181
			305	180
			305	179
			305	178
			305	177
			305	176
			305	175
			305	174
			305	173
			306	172
			306	171
			306	170
			306	169
			306	168
			306	167
			306	166
			306	165
			306	164
			306	163
			307	162
			307	161
			307	160
			307	159
			307	158
			307	157
			307	156
			307	155
			307	154
			307	153
			308	152
			308	151
			308	150
			308	149
			308	148
			308	147
			308	146
			308	145
			308	144
			308	143
			309	142
			309	141
			309	140
			309	139
			309	138
			309	137
			309	136
			309	135
			309	134
			309	133
			309	132
			310	131
			310	130
			310	129
			310	128
			310	127
			310	126
			310	125
			310	124
			310	123
			310	122
			311	121
			311	120
			311	119
			311	118
			311	117
			311	116
		</top_outer_edge02>
		<left_outer_edge02 type=matrix rownames=FALSE colnames=FALSE nrow=613 ncol=2 as.numeric=TRUE >
			248	487
			249	486
			250	486
			251	485
			252	485
			253	484
			254	484
			255	483
			256	483
			257	483
			257	482
			258	482
			259	482
			259	481
			260	481
			261	481
			261	480
			262	480
			263	480
			263	479
			264	479
			265	478
			266	478
			267	477
			268	477
			269	477
			269	476
			270	476
			271	476
			272	475
			273	475
			274	474
			275	474
			276	473
			277	473
			278	472
			279	472
			280	472
			281	471
			282	471
			283	470
			284	469
			285	469
			286	469
			287	468
			288	468
			289	467
			290	467
			291	467
			291	466
			292	466
			293	466
			294	465
			295	465
			296	464
			297	464
			298	463
			299	463
			300	463
			301	462
			302	462
			303	461
			304	461
			305	461
			306	460
			307	460
			308	459
			309	459
			310	459
			311	458
			312	458
			313	457
			314	457
			315	457
			316	456
			317	456
			318	455
			319	455
			320	455
			321	454
			322	454
			323	453
			324	453
			325	453
			326	452
			327	452
			328	451
			329	451
			330	451
			331	450
			332	450
			333	450
			333	449
			334	449
			335	449
			336	448
			337	448
			338	448
			339	448
			339	447
			340	447
			341	447
			342	446
			343	446
			344	446
			344	445
			345	445
			346	445
			347	445
			348	444
			349	444
			350	444
			350	443
			351	443
			352	443
			353	442
			354	442
			355	442
			356	442
			356	441
			357	441
			358	441
			359	440
			360	440
			361	440
			362	439
			363	439
			364	439
			365	438
			366	438
			367	438
			368	437
			369	437
			370	437
			371	437
			372	436
			373	436
			374	436
			375	435
			376	435
			377	435
			378	434
			379	434
			380	434
			381	434
			382	433
			383	433
			384	433
			385	432
			386	432
			387	432
			388	432
			389	431
			390	431
			391	431
			392	431
			392	430
			393	430
			394	430
			395	430
			395	429
			396	429
			397	429
			398	429
			399	429
			399	428
			400	428
			401	428
			402	428
			403	427
			404	427
			405	427
			406	427
			407	426
			408	426
			409	426
			410	426
			411	426
			412	425
			413	425
			414	425
			415	424
			416	424
			417	424
			418	424
			419	424
			420	423
			421	423
			422	423
			423	423
			424	422
			425	422
			426	422
			427	422
			428	421
			429	421
			430	421
			431	421
			432	421
			433	420
			434	420
			435	420
			436	420
			437	420
			438	419
			439	419
			440	419
			441	419
			442	418
			443	418
			444	418
			445	418
			446	418
			447	417
			448	417
			449	417
			450	417
			451	417
			452	417
			452	416
			453	416
			454	416
			455	416
			456	416
			457	416
			457	415
			458	415
			459	415
			460	415
			461	415
			462	415
			463	415
			463	414
			464	414
			465	414
			466	414
			467	414
			468	414
			469	413
			470	413
			471	413
			472	413
			473	413
			474	413
			475	412
			476	412
			477	412
			478	412
			479	412
			480	412
			481	412
			482	411
			483	411
			484	411
			485	411
			486	411
			487	411
			488	411
			489	410
			490	410
			491	410
			492	410
			493	410
			494	410
			495	410
			496	410
			497	410
			498	409
			499	409
			500	409
			501	409
			502	409
			503	409
			504	409
			505	409
			506	408
			507	408
			508	408
			509	408
			510	408
			511	408
			512	408
			513	408
			514	408
			515	408
			515	407
			516	407
			517	407
			518	407
			519	407
			520	407
			521	407
			522	407
			523	407
			524	407
			525	407
			526	407
			527	406
			528	406
			529	406
			530	406
			531	406
			532	406
			533	406
			534	406
			535	406
			536	406
			537	406
			538	406
			539	406
			540	405
			541	405
			542	405
			543	405
			544	405
			545	405
			546	405
			547	405
			548	405
			549	405
			550	405
			551	405
			552	405
			553	405
			554	405
			555	405
			556	405
			557	405
			558	405
			559	405
			560	405
			560	404
			561	404
			562	404
			563	404
			564	404
			565	404
			566	404
			567	404
			568	404
			569	404
			570	404
			571	404
			572	404
			573	404
			574	404
			575	404
			576	404
			577	404
			578	404
			579	404
			580	404
			581	404
			582	404
			583	404
			584	404
			585	404
			586	404
			587	404
			588	404
			589	404
			590	404
			591	404
			592	404
			593	403
			594	403
			595	403
			596	403
			597	403
			598	403
			599	403
			600	403
			601	403
			602	403
			603	403
			604	403
			605	402
			606	402
			607	402
			608	402
			609	402
			610	402
			611	402
			612	402
			613	402
			614	402
			615	402
			616	402
			617	401
			618	401
			619	401
			620	401
			621	401
			622	401
			623	401
			624	401
			625	401
			626	401
			627	401
			628	401
			629	400
			630	400
			631	400
			632	400
			633	400
			634	400
			635	400
			636	400
			637	400
			638	400
			639	400
			640	400
			641	399
			642	399
			643	399
			644	399
			645	399
			646	399
			647	399
			648	399
			649	399
			650	399
			651	399
			652	398
			653	398
			654	398
			655	398
			656	398
			657	398
			658	398
			659	398
			660	398
			661	398
			662	398
			663	398
			664	397
			665	397
			666	397
			667	397
			668	397
			669	397
			670	397
			671	397
			672	397
			673	397
			674	397
			675	397
			676	396
			677	396
			678	396
			679	396
			680	396
			681	396
			682	396
			683	396
			684	396
			685	396
			686	396
			687	396
			688	395
			689	395
			690	395
			691	395
			692	395
			693	395
			694	395
			695	395
			696	395
			697	395
			698	395
			699	395
			700	394
			701	394
			702	394
			703	394
			704	394
			705	394
			706	394
			707	394
			708	394
			709	394
			710	394
			711	394
			712	393
			713	393
			714	393
			715	393
			716	393
			717	393
			718	393
			719	393
			720	393
			721	393
			722	393
			723	393
			724	392
			725	392
			726	392
			727	392
			728	392
			729	392
			730	392
			731	392
			732	392
			733	392
			734	392
			735	392
			736	391
			737	391
			738	391
			739	391
			740	391
			741	391
			742	391
			743	391
			744	391
			745	391
			746	391
			747	391
			748	390
			749	390
			750	390
			751	390
			752	390
			753	390
			754	390
			755	390
			756	390
			757	390
			758	390
			759	390
			760	390
			761	389
			762	389
			763	389
			764	389
			765	389
			766	389
			767	389
			768	389
			769	389
			770	389
			771	389
			772	389
			773	388
			774	388
			775	388
			776	388
			777	388
			778	388
			779	388
			780	388
			781	388
			782	388
			783	388
			784	388
			785	387
			786	387
			787	387
			788	387
			789	387
			790	387
			791	387
			792	387
			793	387
			794	387
			795	387
			796	387
			797	387
			798	386
			799	386
			800	386
			801	386
			802	386
			803	386
			804	386
			805	386
			806	386
			807	386
			808	386
			809	386
			810	385
			811	385
			812	385
			813	385
			814	385
			815	385
			816	385
			817	385
			818	385
			819	385
			820	385
			821	385
			822	384
			823	384
			824	384
			825	384
			826	384
			827	384
			828	384
			829	384
			830	384
			831	384
			832	384
			833	384
			834	384
			835	383
			836	383
			837	383
			838	383
			839	383
			840	383
			841	383
		</left_outer_edge02>
		<right_outer_edge02 type=matrix rownames=FALSE colnames=FALSE nrow=571 ncol=2 as.numeric=TRUE >
			311	116
			312	117
			313	117
			314	118
			315	119
			316	119
			316	120
			317	121
			318	121
			319	122
			320	123
			321	123
			322	124
			323	125
			324	125
			325	126
			325	127
			326	127
			327	128
			328	129
			329	129
			330	130
			331	131
			332	131
			333	132
			334	133
			335	133
			336	134
			336	135
			337	135
			338	136
			339	137
			340	137
			341	138
			342	138
			343	139
			344	140
			345	140
			346	141
			347	142
			348	143
			349	144
			350	144
			351	145
			352	145
			353	146
			354	147
			355	147
			356	148
			357	149
			358	150
			359	150
			360	151
			361	152
			362	152
			363	153
			364	153
			365	154
			366	155
			367	155
			368	156
			369	157
			370	157
			371	158
			372	159
			373	159
			374	160
			375	160
			376	161
			377	162
			378	162
			379	163
			380	163
			381	164
			382	165
			383	165
			384	166
			385	167
			386	167
			387	168
			388	169
			389	169
			390	170
			391	170
			391	171
			392	171
			393	172
			394	172
			395	173
			396	174
			397	174
			398	175
			399	176
			400	176
			401	177
			402	177
			403	178
			404	179
			405	179
			406	180
			407	180
			408	181
			409	181
			409	182
			410	182
			411	182
			411	183
			412	183
			413	184
			414	184
			415	185
			416	185
			417	186
			418	187
			419	187
			420	188
			421	188
			422	189
			423	189
			423	190
			424	190
			425	191
			426	191
			427	192
			428	192
			429	193
			430	193
			431	194
			432	194
			432	195
			433	195
			434	196
			435	196
			436	197
			437	197
			438	198
			439	198
			440	199
			441	199
			441	200
			442	200
			443	201
			444	201
			445	202
			446	202
			447	202
			448	203
			449	203
			450	204
			451	204
			452	205
			453	206
			454	206
			455	207
			456	207
			457	208
			458	208
			459	209
			460	209
			461	210
			462	210
			463	211
			464	211
			465	212
			466	212
			467	213
			468	213
			469	214
			470	214
			471	215
			472	215
			473	216
			474	216
			475	217
			476	217
			477	218
			478	218
			479	218
			479	219
			480	219
			481	220
			482	220
			483	221
			484	221
			485	222
			486	222
			487	223
			488	223
			489	224
			490	224
			491	224
			492	225
			493	225
			494	226
			495	226
			496	227
			497	227
			498	228
			499	228
			500	228
			501	229
			502	229
			503	230
			504	230
			505	231
			506	231
			507	232
			508	232
			509	232
			510	233
			511	233
			512	234
			513	234
			514	235
			515	235
			516	236
			517	236
			518	236
			518	237
			519	237
			520	237
			520	238
			521	238
			522	238
			523	238
			523	239
			524	239
			525	239
			525	240
			526	240
			527	240
			528	241
			529	241
			530	242
			531	242
			532	242
			533	243
			534	243
			535	244
			536	244
			537	245
			538	245
			539	245
			540	246
			541	246
			542	247
			543	247
			544	247
			545	248
			546	248
			547	248
			548	249
			549	249
			550	250
			551	250
			552	250
			552	251
			553	251
			554	251
			555	251
			555	252
			556	252
			557	252
			558	253
			559	253
			560	254
			561	254
			562	254
			563	255
			564	255
			565	255
			566	256
			567	256
			568	257
			569	257
			570	257
			571	258
			572	258
			573	258
			574	259
			575	259
			576	259
			577	260
			578	260
			579	260
			580	261
			581	261
			582	261
			583	262
			584	262
			585	262
			586	263
			587	263
			588	263
			589	264
			590	264
			591	265
			592	265
			593	265
			594	266
			595	266
			596	266
			597	267
			598	267
			599	267
			600	268
			601	268
			602	268
			603	269
			604	269
			605	269
			606	270
			607	270
			608	270
			608	271
			609	271
			610	271
			611	272
			612	272
			613	272
			613	273
			614	273
			615	273
			616	274
			617	274
			618	274
			618	275
			619	275
			620	275
			621	276
			622	276
			623	276
			623	277
			624	277
			625	277
			626	278
			627	278
			628	278
			628	279
			629	279
			630	279
			631	280
			632	280
			633	280
			633	281
			634	281
			635	281
			636	282
			637	282
			638	283
			639	283
			640	284
			641	284
			642	284
			643	285
			644	285
			645	286
			646	286
			647	286
			648	287
			649	287
			650	288
			651	288
			652	288
			653	289
			654	289
			655	290
			656	290
			657	290
			658	291
			659	291
			660	292
			661	292
			662	292
			663	293
			664	293
			665	294
			666	295
			667	295
			668	295
			669	296
			670	296
			671	296
			672	297
			673	297
			674	298
			675	298
			676	299
			677	299
			678	300
			679	300
			680	300
			681	301
			682	301
			683	302
			684	302
			685	303
			686	303
			687	303
			688	304
			689	304
			690	305
			691	305
			692	306
			693	306
			694	307
			695	307
			696	307
			697	308
			698	309
			699	309
			700	309
			701	310
			702	310
			703	311
			704	311
			705	312
			706	312
			707	312
			707	313
			708	313
			709	314
			710	314
			711	314
			711	315
			712	315
			713	315
			714	316
			715	316
			715	317
			716	317
			717	317
			718	318
			719	318
			720	318
			720	319
			721	319
			722	320
			723	320
			724	320
			724	321
			725	321
			726	321
			727	322
			728	322
			728	323
			729	323
			730	323
			731	324
			732	324
			732	325
			733	325
			734	325
			735	326
			736	326
			737	327
			738	327
			739	328
			740	328
			741	329
			742	329
			743	330
			744	330
			745	331
			746	331
			747	331
			748	332
			749	333
			750	333
			751	334
			752	334
			753	335
			754	335
			755	336
			756	336
			757	336
			757	337
			758	337
			759	338
			760	338
			761	338
			761	339
			762	339
			763	340
			764	340
			765	341
			766	341
			767	342
			768	342
			769	343
			770	343
			771	344
			772	344
			773	345
			774	345
			775	346
			776	347
			777	347
			778	347
			778	348
			779	348
			780	348
			780	349
			781	349
			782	349
			782	350
			783	350
			784	351
			785	351
			786	352
			787	352
			788	353
			789	353
			790	354
			791	355
			792	355
			793	356
			794	356
			795	357
			796	357
			797	358
			798	358
			799	359
			800	359
			800	360
			801	360
			802	361
			803	361
			804	362
			805	362
			806	363
			807	363
			808	364
			809	364
			810	365
			811	365
			812	366
			813	367
			814	367
			815	368
			816	368
			816	369
			817	369
			818	369
			818	370
			819	370
			820	370
			820	371
			821	371
			822	372
			823	372
			824	373
			825	374
			826	374
			827	374
			827	375
			828	375
			829	376
			830	376
			830	377
			831	377
			832	378
			833	378
			834	379
			835	379
			836	380
			837	381
			838	381
			839	382
			840	382
			841	383
		</right_outer_edge02>
		<top_outer_edge03 type=matrix rownames=FALSE colnames=FALSE nrow=180 ncol=2 as.numeric=TRUE >
			300	598
			300	597
			301	596
			301	595
			302	594
			302	593
			302	592
			303	591
			303	590
			304	589
			304	588
			305	587
			305	586
			305	585
			306	584
			306	583
			307	582
			307	581
			307	580
			308	579
			308	578
			309	577
			309	576
			309	575
			310	574
			310	573
			310	572
			311	571
			311	570
			312	569
			312	568
			312	567
			313	566
			313	565
			313	564
			314	563
			314	562
			314	561
			315	560
			315	559
			316	558
			316	557
			316	556
			317	555
			317	554
			317	553
			318	552
			318	551
			319	550
			319	549
			319	548
			320	547
			320	546
			320	545
			321	544
			321	543
			322	542
			322	541
			322	540
			322	539
			323	539
			323	538
			323	537
			324	536
			324	535
			324	534
			325	533
			325	532
			325	531
			326	530
			326	529
			326	528
			327	527
			327	526
			327	525
			328	524
			328	523
			328	522
			329	521
			329	520
			329	519
			330	518
			330	517
			330	516
			331	515
			331	514
			331	513
			332	512
			332	511
			332	510
			333	509
			333	508
			333	507
			334	506
			334	505
			334	504
			335	503
			335	502
			335	501
			336	500
			336	499
			336	498
			337	497
			337	496
			337	495
			338	494
			338	493
			338	492
			339	491
			339	490
			339	489
			340	488
			340	487
			341	486
			341	485
			341	484
			342	483
			342	482
			343	481
			343	480
			343	479
			343	478
			344	477
			344	476
			345	475
			345	474
			346	473
			346	472
			346	471
			347	470
			347	469
			348	468
			348	467
			349	466
			349	465
			350	464
			350	463
			350	462
			351	461
			351	460
			352	459
			352	458
			353	457
			353	456
			354	455
			354	454
			355	453
			355	452
			356	451
			356	450
			357	449
			357	448
			358	447
			358	446
			359	445
			359	444
			360	443
			360	442
			361	441
			361	440
			362	439
			362	438
			363	437
			364	436
			364	435
			365	434
			365	433
			366	432
			366	431
			367	430
			368	429
			368	428
			369	427
			369	426
			370	425
			370	424
			371	423
			372	422
			372	421
			373	420
		</top_outer_edge03>
		<left_outer_edge03 type=matrix rownames=FALSE colnames=FALSE nrow=412 ncol=2 as.numeric=TRUE >
			300	598
			301	598
			302	598
			303	598
			304	598
			305	598
			306	598
			307	598
			308	597
			309	597
			310	597
			311	597
			312	597
			313	597
			314	597
			315	597
			316	597
			317	597
			318	597
			319	597
			320	597
			321	597
			322	596
			323	596
			324	596
			325	596
			326	596
			327	596
			328	596
			329	596
			330	596
			331	596
			332	596
			333	596
			334	596
			335	596
			336	595
			337	595
			338	595
			339	595
			340	595
			341	595
			342	595
			343	595
			344	595
			345	595
			346	595
			347	595
			348	595
			349	595
			349	594
			350	594
			351	594
			352	594
			353	594
			354	594
			355	594
			356	594
			357	594
			358	594
			359	594
			360	594
			361	594
			362	594
			363	593
			364	593
			365	593
			366	593
			367	593
			368	593
			369	593
			370	593
			371	593
			372	593
			373	593
			374	593
			375	593
			376	592
			377	592
			378	592
			379	592
			380	592
			381	592
			382	592
			383	592
			384	592
			385	592
			386	592
			387	592
			388	591
			389	591
			390	591
			391	591
			392	591
			393	591
			394	591
			395	591
			396	591
			397	591
			398	591
			399	591
			400	591
			401	590
			402	590
			403	590
			404	590
			405	590
			406	590
			407	590
			408	590
			409	590
			410	590
			411	590
			412	590
			413	589
			414	589
			415	589
			416	589
			417	589
			418	589
			419	589
			420	589
			421	589
			422	589
			423	589
			424	589
			425	588
			426	588
			427	588
			428	588
			429	588
			430	588
			431	588
			432	588
			433	588
			434	588
			435	588
			436	588
			437	587
			438	587
			439	587
			440	587
			441	587
			442	587
			443	587
			444	587
			445	587
			446	587
			447	587
			448	586
			449	586
			450	586
			451	586
			452	586
			453	586
			454	586
			455	586
			456	586
			457	586
			458	586
			459	585
			460	585
			461	585
			462	585
			463	585
			464	585
			465	585
			466	585
			467	585
			468	585
			469	585
			470	584
			471	584
			472	584
			473	584
			474	584
			475	584
			476	584
			477	584
			478	584
			479	584
			480	584
			481	584
			482	583
			483	583
			484	583
			485	583
			486	583
			487	583
			488	583
			489	583
			490	583
			491	583
			492	583
			492	582
			493	582
			494	582
			495	582
			496	582
			497	582
			498	582
			499	582
			500	582
			501	582
			502	582
			503	582
			504	581
			505	581
			506	581
			507	581
			508	581
			509	581
			510	581
			511	581
			512	581
			513	581
			514	580
			515	580
			516	580
			517	580
			518	580
			519	580
			520	580
			521	580
			522	580
			523	580
			524	580
			525	580
			526	580
			527	580
			528	580
			529	580
			530	580
			531	580
			532	580
			533	580
			534	580
			535	580
			536	580
			537	580
			538	580
			539	580
			540	580
			541	579
			542	579
			543	579
			544	579
			545	579
			546	579
			547	579
			548	579
			549	579
			550	579
			551	579
			552	579
			553	579
			554	579
			555	579
			556	579
			557	579
			558	579
			559	579
			560	579
			561	579
			562	579
			563	579
			564	579
			565	579
			566	579
			567	579
			568	579
			569	578
			570	578
			571	578
			572	578
			573	578
			574	578
			575	578
			576	578
			577	578
			578	578
			579	578
			580	578
			581	578
			582	578
			583	578
			584	578
			585	578
			586	578
			587	578
			588	578
			589	577
			590	577
			591	577
			592	577
			593	577
			594	577
			595	577
			596	577
			597	577
			598	577
			599	577
			600	577
			601	577
			602	577
			603	577
			604	577
			605	577
			606	577
			607	576
			608	576
			609	576
			610	576
			611	576
			612	576
			613	576
			614	576
			615	576
			616	576
			617	576
			618	576
			619	576
			620	576
			621	575
			622	575
			623	575
			624	575
			625	575
			626	575
			627	575
			628	575
			629	575
			630	575
			631	575
			632	575
			633	574
			634	574
			635	574
			636	574
			637	574
			638	574
			639	574
			640	574
			641	574
			642	574
			643	574
			644	574
			645	573
			646	573
			647	573
			648	573
			649	573
			650	573
			651	573
			652	573
			653	573
			654	573
			655	573
			655	572
			656	572
			657	572
			658	572
			659	572
			660	572
			661	572
			662	572
			663	572
			664	572
			665	571
			666	571
			667	571
			668	571
			669	571
			670	571
			671	571
			672	571
			673	571
			674	570
			675	570
			676	570
			677	570
			678	570
			679	570
			680	570
			681	570
			682	570
			683	569
			684	569
			685	569
			686	569
			687	569
			688	569
			689	569
			690	568
			691	568
			692	568
			693	568
			694	568
			695	568
			696	568
			697	568
			698	567
			699	567
			700	567
			701	567
			702	567
			703	567
			704	567
			705	566
			706	566
			707	566
			708	566
		</left_outer_edge03>
		<right_outer_edge03 type=matrix rownames=FALSE colnames=FALSE nrow=348 ncol=2 as.numeric=TRUE >
			373	420
			374	420
			375	421
			376	422
			377	422
			378	423
			379	423
			380	424
			381	424
			382	424
			382	425
			383	425
			384	426
			385	426
			386	427
			387	427
			388	428
			389	428
			390	429
			391	429
			392	430
			393	430
			394	431
			395	431
			396	432
			397	432
			398	433
			399	433
			400	434
			401	434
			402	435
			403	435
			404	436
			405	436
			406	437
			407	437
			408	438
			409	438
			410	439
			411	439
			412	440
			413	440
			414	440
			415	441
			416	441
			417	442
			418	442
			419	443
			420	443
			421	444
			422	444
			423	445
			424	445
			425	446
			426	446
			427	447
			428	447
			429	447
			429	448
			430	448
			431	448
			432	449
			433	449
			434	450
			435	450
			436	451
			437	451
			438	452
			439	452
			440	452
			441	453
			442	453
			443	454
			444	454
			445	455
			446	455
			447	455
			448	456
			449	456
			450	457
			451	457
			452	458
			453	458
			454	458
			455	459
			456	459
			457	460
			458	460
			459	460
			460	461
			461	461
			462	462
			463	462
			464	462
			465	463
			466	463
			467	464
			468	464
			469	464
			470	465
			471	465
			472	466
			473	466
			474	466
			475	467
			476	467
			477	468
			478	468
			479	468
			480	469
			481	469
			482	470
			483	470
			484	470
			485	471
			486	471
			487	471
			488	472
			489	472
			490	473
			491	473
			492	473
			493	474
			494	474
			495	474
			496	475
			497	475
			498	475
			499	476
			500	476
			501	477
			502	477
			503	477
			504	478
			505	478
			506	478
			507	479
			508	479
			509	479
			510	480
			511	480
			512	480
			513	481
			514	481
			515	481
			516	482
			517	482
			518	482
			519	483
			520	483
			521	483
			522	484
			523	484
			524	485
			525	485
			526	485
			527	486
			528	486
			529	486
			529	487
			530	487
			531	487
			532	488
			533	488
			534	488
			535	489
			536	489
			537	489
			538	490
			539	490
			540	491
			541	491
			542	491
			543	492
			544	492
			545	492
			546	493
			547	493
			548	494
			549	494
			550	494
			551	495
			552	495
			553	496
			554	496
			555	496
			556	497
			557	497
			558	498
			559	498
			560	498
			561	499
			562	499
			563	500
			564	500
			565	500
			566	501
			567	501
			568	502
			569	502
			570	503
			571	503
			572	503
			573	504
			574	504
			575	505
			576	505
			577	505
			578	506
			579	506
			580	507
			581	507
			582	507
			583	508
			584	508
			585	509
			586	509
			587	510
			588	510
			589	510
			589	511
			590	511
			591	511
			592	511
			592	512
			593	512
			594	512
			595	513
			596	513
			597	514
			598	514
			599	515
			600	515
			601	515
			602	516
			603	516
			603	517
			604	517
			605	517
			606	518
			607	518
			608	519
			609	519
			610	519
			611	520
			612	520
			613	521
			614	521
			615	522
			616	522
			617	522
			617	523
			618	523
			619	523
			619	524
			620	524
			621	524
			621	525
			622	525
			623	525
			624	526
			625	526
			626	527
			627	527
			628	527
			629	528
			630	528
			630	529
			631	529
			632	529
			633	530
			634	530
			635	531
			636	531
			637	532
			638	532
			639	533
			640	533
			641	534
			642	534
			643	535
			644	535
			645	535
			646	536
			647	536
			648	537
			649	537
			650	538
			651	538
			652	539
			653	539
			654	540
			655	540
			656	541
			657	541
			658	542
			659	542
			660	543
			661	543
			662	544
			663	544
			664	544
			665	545
			666	545
			667	546
			668	546
			669	547
			670	547
			671	548
			672	548
			673	549
			674	549
			675	550
			676	550
			677	551
			678	551
			679	552
			680	552
			681	553
			682	553
			683	554
			684	554
			685	554
			686	555
			687	555
			687	556
			688	556
			689	557
			690	557
			691	558
			692	558
			693	558
			694	559
			695	559
			696	560
			697	560
			697	561
			698	561
			699	562
			700	562
			701	563
			702	563
			703	563
			704	564
			705	564
			706	565
			707	565
			708	566
		</right_outer_edge03>
	</curves.pixel>
</shapes>

